Number	xmin	xmax	ymin	ymax
17	1042	1052	11	19
21	1843	1847	16	21
25	797	813	22	34
28	1130	1141	23	33
30	1232	1240	25	38
35	2270	2285	30	43
37	1906	1909	31	34
41	843	877	36	78
44	772	774	39	42
48	2280	2282	44	46
50	696	702	45	50
52	750	755	46	51
54	714	718	47	51
57	1977	1985	49	54
64	350	356	55	61
65	1660	1667	56	62
70	820	838	62	79
71	1233	1240	62	69
76	1148	1172	65	79
87	852	855	73	75
94	324	331	75	81
99	689	696	80	85
100	1132	1139	81	87
103	2265	2276	84	93
105	1729	1734	85	91
106	1891	1908	85	97
109	277	291	86	95
116	2247	2257	88	97
117	998	1012	89	100
118	67	72	90	94
121	350	357	91	95
122	880	910	93	132
123	1181	1185	93	95
125	1521	1533	96	106
128	2237	2240	98	101
130	1025	1027	100	102
131	2225	2237	100	111
132	832	838	101	105
136	1027	1039	103	117
137	95	98	104	106
138	1494	1513	105	122
140	114	135	110	129
141	179	186	110	114
145	798	802	112	114
146	2092	2109	112	129
147	1131	1141	113	122
149	1071	1089	115	133
151	2047	2062	119	137
152	2138	2147	119	127
153	1792	1823	123	139
154	2214	2225	123	135
157	1596	1606	127	137
161	1232	1246	129	143
166	1744	1762	136	151
167	834	848	137	152
168	2185	2188	137	140
171	1650	1688	140	176
172	669	685	141	154
174	330	332	143	146
180	544	571	151	176
181	1551	1557	151	155
182	483	512	153	175
183	603	606	153	155
184	1944	1973	153	190
192	845	863	160	172
193	1277	1283	160	166
199	541	544	166	169
200	2000	2006	171	176
201	775	787	172	184
205	713	729	178	189
206	2228	2239	178	190
210	599	602	180	184
215	1862	1870	184	191
216	1888	1896	184	188
221	1494	1497	194	196
222	2012	2018	194	199
223	964	975	195	203
225	398	406	196	201
228	983	1006	201	217
230	330	336	202	206
233	1511	1515	203	214
234	2062	2075	203	214
237	1989	1991	208	211
238	190	192	209	212
243	938	941	211	214
244	65	75	212	229
246	558	570	213	222
247	726	731	214	217
248	1044	1050	214	218
249	251	258	215	221
251	632	657	216	235
252	399	404	217	222
254	1512	1514	217	219
255	208	210	218	220
260	92	109	225	238
262	1819	1838	225	233
263	2074	2082	225	231
264	1083	1094	230	238
268	891	910	235	253
269	876	885	237	246
272	1496	1505	240	249
273	2169	2173	240	243
274	1847	1858	241	251
275	746	767	242	263
277	1985	1989	245	248
279	1640	1656	247	260
280	2063	2072	247	254
281	1530	1539	249	258
282	788	793	250	255
286	2254	2264	254	266
287	1892	1896	256	259
298	363	383	267	282
300	1862	1873	267	278
304	895	898	271	275
307	2020	2023	274	277
308	2195	2225	276	309
309	1808	1812	278	282
312	698	711	283	291
316	588	598	287	294
317	641	644	291	294
319	970	975	292	299
320	897	912	293	316
322	1004	1009	295	297
323	1757	1764	296	305
324	1988	2001	297	308
325	744	762	298	315
328	894	904	306	314
331	116	119	309	313
332	2089	2106	312	325
335	469	473	317	320
339	2218	2229	317	327
345	2251	2269	324	339
346	439	445	325	331
348	935	947	326	338
349	1969	1995	326	355
353	1920	1928	330	338
355	629	637	331	336
356	131	147	334	348
361	1576	1585	336	343
364	75	92	341	353
365	2223	2235	343	353
366	430	439	344	353
367	256	259	345	349
368	1827	1836	345	354
369	1261	1266	346	349
372	1129	1195	348	391
373	2136	2160	349	371
376	1902	1910	351	356
377	863	901	352	389
378	1772	1782	352	360
379	1100	1110	355	363
383	811	818	358	363
387	1969	1986	362	378
388	2275	2289	362	375
390	2177	2185	363	372
391	697	705	366	371
393	556	577	367	387
395	929	941	368	376
400	768	777	370	379
404	1599	1613	370	382
405	130	146	372	384
406	171	173	375	377
408	1923	1930	375	381
410	81	97	377	388
412	1793	1802	379	387
415	821	825	381	384
420	354	360	388	393
422	1730	1744	388	403
423	700	703	389	392
427	1269	1276	389	395
433	1917	1928	393	404
434	2196	2213	393	407
436	1852	1855	395	398
441	1547	1551	398	401
443	1988	2006	401	412
444	1181	1192	402	412
448	1474	1481	405	410
458	441	444	412	415
460	2028	2036	415	423
461	2263	2291	415	441
462	356	372	416	428
465	269	284	418	432
466	923	935	420	434
471	1728	1731	422	425
472	407	409	423	425
473	1981	1992	424	434
474	1268	1276	425	436
478	685	696	428	436
479	1147	1149	428	430
481	1100	1137	430	457
484	1203	1211	432	437
486	468	479	433	444
487	1839	1846	434	439
491	845	855	438	446
493	314	317	439	441
500	2133	2138	446	451
505	2282	2287	451	458
506	1511	1522	452	460
508	244	259	455	473
509	851	858	456	462
516	182	190	461	469
518	2147	2166	462	476
522	1167	1196	467	493
527	2132	2138	471	474
528	1490	1493	472	474
529	1684	1701	472	487
530	1904	1915	472	481
532	919	928	474	482
533	1761	1769	474	479
538	585	600	478	488
543	372	378	483	487
544	2065	2070	483	486
547	737	747	486	496
550	2175	2183	488	494
551	177	186	490	499
552	1756	1768	490	504
553	162	168	491	497
558	214	218	499	501
559	454	464	499	508
565	738	743	504	508
566	1021	1023	504	506
568	1478	1480	506	508
573	2011	2013	511	513
576	971	993	516	532
577	1209	1225	516	522
580	224	227	519	522
584	1648	1655	523	529
592	1150	1158	530	535
601	228	230	537	539
603	295	325	538	585
606	472	493	541	563
611	347	360	547	556
612	1089	1098	547	554
616	783	805	549	570
619	2179	2186	551	556
622	553	559	553	559
624	1708	1713	554	558
628	383	387	559	563
630	571	584	562	577
635	602	614	567	578
638	155	157	569	571
640	976	979	570	573
642	425	428	571	574
643	268	276	573	581
644	332	345	573	583
645	76	93	574	595
646	1733	1750	574	592
648	405	412	580	585
649	1900	1902	581	583
653	513	528	586	599
654	631	647	589	600
655	903	918	589	601
658	1893	1897	592	597
661	2155	2164	593	601
662	1514	1518	595	598
666	960	971	599	609
668	321	325	601	604
670	556	563	603	609
672	1951	1988	603	634
673	2017	2025	604	610
675	1710	1718	605	613
678	1422	1430	606	612
679	682	692	607	618
680	779	783	608	611
681	189	195	610	614
682	1635	1664	611	637
683	640	651	612	621
685	1891	1909	612	626
686	863	894	613	639
687	135	165	614	643
689	833	843	618	627
690	46	72	621	650
691	273	288	622	637
692	1451	1462	622	630
694	334	340	623	629
696	2217	2222	624	628
697	204	220	625	637
698	1931	1937	625	631
699	1474	1481	626	631
701	1110	1126	628	642
702	1721	1740	630	650
703	646	656	633	640
705	703	707	635	639
706	937	942	635	640
707	1802	1817	637	646
709	438	447	639	646
711	255	268	640	649
718	799	815	646	658
719	842	852	647	660
724	900	907	651	659
729	1211	1234	652	673
731	2066	2070	654	657
733	1066	1079	656	670
738	209	225	664	676
739	976	979	664	668
741	372	387	665	676
744	1849	1857	666	672
745	824	830	667	674
746	1636	1641	670	674
747	1649	1653	671	674
748	646	652	673	676
752	1196	1199	674	677
753	1719	1757	674	720
755	144	146	676	678
756	512	525	676	689
757	698	713	676	687
759	1907	1912	676	680
761	844	850	681	687
763	177	195	682	697
765	1958	1965	682	688
766	979	1000	683	695
768	1813	1829	683	695
769	2133	2137	685	688
770	1849	1864	686	701
773	1192	1216	687	722
774	209	215	688	691
777	244	248	689	693
778	525	529	689	692
780	446	462	694	705
785	2275	2285	701	712
789	2202	2221	708	727
790	1006	1010	709	712
791	1573	1628	709	745
793	2250	2263	710	721
794	2010	2015	712	716
796	1938	1940	713	716
799	1495	1504	715	723
800	1661	1671	716	725
802	741	743	717	719
805	625	629	724	728
809	1020	1030	728	736
811	1938	1945	728	734
812	368	384	729	740
813	91	93	731	733
815	496	501	732	737
816	1037	1043	734	740
818	193	197	738	742
819	1742	1764	738	756
823	660	682	745	757
828	699	719	747	759
829	726	742	747	760
835	1635	1640	753	759
842	963	988	764	799
843	500	507	767	776
846	565	578	771	780
848	104	115	772	779
851	801	810	773	780
852	336	342	774	778
853	1947	1968	775	800
854	734	749	776	788
855	2240	2246	776	780
856	2257	2266	777	785
860	1812	1815	780	783
862	590	596	781	788
863	894	916	784	809
865	631	634	786	789
867	436	454	790	805
869	2100	2108	792	800
870	248	253	793	798
872	1056	1067	793	804
873	2295	2297	793	797
874	929	935	794	800
875	1034	1037	794	796
876	59	93	796	824
877	1257	1262	796	802
880	1911	1932	801	819
886	520	528	812	818
887	1999	2019	812	834
888	2212	2226	814	826
892	1803	1818	818	835
894	577	586	820	827
895	1237	1239	821	823
898	1113	1120	824	830
900	955	959	826	830
904	2288	2299	828	839
908	845	856	830	841
909	1650	1657	830	835
911	1940	1942	833	835
913	1141	1154	839	851
914	1484	1494	839	850
915	379	384	841	846
916	1852	1872	841	860
918	1643	1660	842	858
920	283	285	846	849
923	797	813	851	860
924	1121	1132	851	861
925	1449	1465	851	864
926	2098	2107	851	861
929	1516	1522	855	859
930	1923	1938	856	873
931	696	704	857	863
938	307	329	866	888
939	957	973	866	882
940	420	429	867	876
941	1607	1610	867	870
947	1817	1836	870	890
951	449	455	874	879
952	626	641	876	887
953	1417	1421	876	880
954	2152	2166	877	885
955	235	242	878	884
956	2019	2023	878	881
957	824	848	879	909
958	1494	1497	886	889
960	1587	1593	890	896
963	2244	2247	893	896
966	1884	1892	897	903
968	2067	2080	898	911
970	1075	1092	900	919
972	89	99	902	910
975	2137	2140	902	905
977	1749	1760	904	914
979	700	705	908	913
980	1459	1464	908	913
985	1546	1549	912	915
986	56	70	913	926
987	1859	1872	913	923
988	1997	2006	914	919
994	17	23	921	926
995	192	198	921	927
996	825	827	921	923
998	942	944	924	926
999	985	994	924	935
1001	123	127	929	934
1003	840	869	930	958
1008	405	417	935	945
1013	2236	2280	940	979
1017	1561	1566	943	947
1019	256	260	945	948
1021	435	443	947	952
1029	455	464	958	966
1030	339	341	959	961
1031	575	600	959	988
1032	1239	1248	962	973
1033	114	122	963	970
1038	497	500	965	968
1040	1052	1059	969	977
1043	11	14	973	977
1045	909	911	975	977
1048	2113	2120	976	988
1049	1112	1122	977	985
1051	819	838	978	997
1052	1448	1454	978	982
1053	2245	2247	979	981
1063	782	792	986	995
1066	694	710	990	1002
1068	2222	2236	992	1004
1071	1228	1235	994	999
1072	1677	1689	994	1004
1073	1776	1791	994	1006
1074	1440	1449	995	1001
1077	252	257	999	1004
1078	492	501	999	1005
1080	1260	1283	1001	1025
1085	208	216	1004	1010
1086	341	347	1005	1012
1090	477	484	1006	1018
1091	865	867	1006	1008
1099	2226	2236	1012	1021
1100	57	64	1013	1018
1101	421	426	1013	1017
1104	256	271	1017	1028
1106	1977	1980	1019	1023
1107	521	530	1020	1029
1109	90	97	1021	1026
1110	1543	1554	1021	1031
1116	415	467	1024	1070
1118	218	245	1027	1042
1119	546	549	1030	1032
1121	1446	1452	1030	1035
1122	1703	1709	1031	1037
1125	884	895	1033	1042
1126	1058	1065	1033	1040
1127	1569	1577	1033	1039
1128	2053	2062	1034	1042
1129	373	375	1037	1039
1132	590	625	1038	1063
1134	105	118	1039	1048
1136	55	59	1041	1045
1137	1485	1487	1041	1043
1144	256	274	1048	1060
1145	1540	1546	1048	1054
1153	1847	1855	1055	1063
1154	163	170	1057	1063
1155	378	384	1058	1061
1157	318	328	1060	1070
1161	997	1002	1063	1067
1165	746	748	1065	1067
1171	1366	1376	1069	1077
1174	1708	1718	1071	1078
1175	1094	1100	1072	1077
1177	347	351	1073	1076
1181	1842	1852	1076	1085
1182	1819	1829	1077	1084
1186	702	723	1080	1104
1187	188	200	1081	1087
1188	265	278	1081	1093
1189	220	228	1082	1087
1190	603	608	1082	1088
1194	528	537	1083	1089
1205	1088	1092	1089	1093
1207	1767	1777	1090	1098
1209	1211	1223	1092	1101
1211	548	564	1093	1111
1214	31	38	1095	1102
1216	1612	1616	1095	1098
1217	617	643	1096	1116
1218	963	966	1096	1099
1225	1802	1810	1103	1109
1228	146	153	1105	1112
1229	1582	1585	1105	1108
1234	844	848	1108	1110
1235	2159	2176	1108	1129
1238	266	282	1113	1128
1240	104	120	1114	1128
1242	1279	1286	1115	1120
1248	658	666	1119	1127
1263	63	69	1128	1134
1265	1159	1164	1129	1134
1272	1588	1592	1134	1137
1275	696	701	1136	1141
1281	1791	1805	1139	1150
1292	1691	1698	1144	1150
1298	1244	1252	1147	1152
1299	1414	1424	1147	1156
1301	718	726	1148	1155
1302	556	563	1149	1159
1305	1399	1408	1150	1159
1306	1732	1753	1150	1171
1307	396	398	1151	1153
1313	377	401	1154	1177
1316	782	789	1157	1163
1318	1600	1607	1157	1164
1321	1921	1962	1158	1189
1333	633	635	1163	1165
1336	213	216	1165	1169
1337	448	450	1165	1167
1338	645	651	1165	1171
1339	1170	1184	1165	1179
1355	1056	1070	1171	1184
1360	601	609	1172	1178
1363	1591	1606	1174	1190
1367	1543	1553	1178	1187
1370	304	320	1179	1192
1371	1725	1739	1179	1188
1379	796	804	1184	1189
1383	1862	1879	1187	1204
1386	1464	1476	1189	1195
1394	1827	1838	1194	1206
1395	380	397	1196	1212
1397	717	725	1198	1203
1398	1443	1445	1199	1201
1401	1967	1971	1200	1204
1403	240	245	1202	1206
1406	2150	2162	1206	1226
1409	1564	1567	1208	1212
1415	1331	1345	1213	1225
1416	1511	1519	1213	1221
1418	425	438	1218	1230
1421	933	944	1220	1228
1422	906	920	1222	1235
1425	1342	1344	1224	1226
1426	1022	1025	1226	1229
1428	1002	1010	1229	1233
1430	2150	2167	1230	1246
1435	985	987	1236	1238
1436	1060	1067	1236	1242
1438	2192	2220	1239	1267
1440	89	100	1240	1249
1443	50	65	1243	1255
1449	1422	1431	1246	1255
1450	1142	1150	1248	1255
1451	1634	1646	1248	1261
1454	27	35	1253	1260
1456	350	354	1255	1257
1457	1677	1689	1255	1265
1458	1831	1837	1255	1262
1459	140	143	1257	1261
1462	1496	1510	1258	1273
1463	1751	1770	1258	1276
1464	679	689	1259	1269
1465	108	131	1262	1282
1466	399	407	1262	1272
1467	896	905	1264	1270
1473	2044	2059	1267	1278
1474	1562	1564	1269	1272
1476	1627	1632	1271	1274
1477	1710	1715	1272	1276
1478	2109	2112	1272	1276
1482	2077	2084	1274	1282
1487	761	791	1280	1304
1488	2132	2140	1282	1289
1489	1785	1792	1283	1289
1490	1091	1094	1286	1289
1491	1536	1544	1286	1293
1494	503	507	1287	1289
1495	1015	1024	1287	1296
1496	1149	1153	1287	1290
1497	2052	2061	1287	1295
1498	2155	2162	1287	1292
1499	329	340	1291	1299
1501	700	714	1292	1304
1502	1839	1844	1293	1298
1503	728	732	1296	1300
1505	67	101	1298	1350
1506	1656	1666	1298	1307
1509	2077	2104	1300	1322
1511	1044	1046	1302	1304
1513	1041	1045	1304	1310
1515	584	592	1305	1312
1516	1092	1099	1305	1311
1517	2113	2124	1305	1320
1519	1058	1060	1306	1309
1523	210	216	1307	1312
1524	2052	2055	1307	1310
1528	854	856	1312	1314
1529	34	54	1313	1333
1531	158	175	1314	1329
1532	299	316	1314	1333
1534	1194	1205	1314	1324
1535	379	390	1316	1325
1537	418	427	1323	1330
1538	707	715	1323	1330
1539	1657	1667	1323	1334
1541	435	442	1325	1330
1542	1078	1084	1325	1331
1543	1446	1457	1325	1342
1545	1160	1176	1326	1340
1550	227	233	1329	1335
1552	845	852	1335	1342
1554	693	704	1338	1349
1555	985	1004	1338	1352
1557	280	289	1340	1350
1558	2088	2097	1340	1347
1559	310	316	1343	1348
1560	118	134	1345	1359
1561	1671	1677	1345	1350
1563	1734	1748	1347	1360
1564	1803	1808	1347	1352
1565	333	339	1349	1356
1566	364	387	1349	1374
1568	1522	1530	1350	1358
1569	158	164	1351	1354
1570	451	455	1351	1355
1573	854	865	1353	1361
1574	2064	2078	1353	1367
1577	1877	1883	1362	1367
1579	692	708	1363	1377
1582	265	278	1365	1377
1583	1571	1579	1366	1372
1585	12	15	1372	1376
1587	1362	1370	1376	1384
1591	449	453	1377	1381
1600	410	414	1383	1388
1602	220	223	1386	1389
1603	1597	1604	1386	1393
1604	1668	1677	1388	1396
1606	862	865	1390	1392
1608	1893	1896	1390	1394
1609	166	178	1391	1403
1614	1205	1209	1394	1397
1615	1963	1966	1394	1397
1620	2105	2114	1398	1406
1622	282	289	1400	1407
1623	1178	1190	1400	1408
1625	1098	1101	1402	1405
1627	941	946	1403	1407
1628	215	222	1404	1412
1632	97	100	1407	1409
1633	1624	1631	1408	1414
1634	1662	1664	1409	1411
1635	1713	1730	1409	1431
1640	1912	1940	1412	1436
1645	1691	1698	1415	1422
1647	1948	1974	1417	1441
1649	1542	1559	1418	1428
1650	929	936	1420	1426
1652	197	207	1421	1429
1657	560	568	1424	1431
1659	685	693	1425	1431
1660	1268	1271	1427	1429
1661	1891	1900	1429	1439
1662	2170	2179	1430	1438
1663	857	863	1431	1437
1664	491	502	1434	1446
1665	827	832	1434	1440
1666	1066	1077	1434	1442
1668	626	628	1436	1438
1669	1591	1598	1436	1442
1670	2092	2105	1437	1449
1672	286	297	1439	1450
1673	770	778	1439	1446
1676	1441	1450	1440	1446
1677	804	812	1442	1450
1680	517	527	1444	1452
1682	1933	1939	1445	1451
1683	59	76	1446	1467
1688	446	456	1451	1460
1693	25	27	1454	1456
1697	1378	1386	1456	1462
1698	1505	1510	1456	1461
1703	2044	2055	1460	1466
1704	1108	1111	1461	1464
1705	1841	1843	1461	1464
1708	482	484	1465	1467
1709	769	790	1465	1486
1711	1054	1061	1468	1474
1712	707	715	1469	1478
1713	1087	1095	1469	1474
1714	1880	1889	1469	1476
1717	1398	1404	1473	1478
1718	454	472	1475	1490
1719	1983	1994	1475	1484
1720	347	349	1476	1479
1723	592	598	1478	1483
1724	882	893	1478	1487
1726	1978	1981	1480	1483
1729	1081	1092	1484	1494
1733	1789	1793	1490	1494
1734	614	622	1492	1496
1736	87	119	1494	1523
1738	679	697	1494	1514
1745	64	81	1507	1518
1746	1602	1625	1507	1520
1750	1247	1261	1510	1522
1751	1682	1696	1510	1523
1752	1787	1815	1510	1537
1753	46	59	1511	1526
1756	710	719	1514	1525
1757	543	552	1515	1521
1759	2155	2162	1516	1522
1760	1377	1390	1517	1528
1762	1218	1235	1518	1536
1763	348	364	1519	1537
1764	427	439	1520	1531
1766	899	901	1522	1525
1767	1274	1280	1522	1528
1772	2085	2096	1526	1535
1774	914	918	1527	1529
1777	304	309	1529	1532
1778	2161	2168	1531	1539
1779	1023	1039	1533	1553
1780	1588	1590	1534	1536
1781	1080	1088	1535	1541
1783	2028	2031	1535	1538
1784	527	536	1536	1543
1785	2022	2029	1537	1544
1786	1488	1502	1538	1550
1788	798	804	1539	1546
1789	2243	2253	1539	1549
1790	553	556	1541	1544
1793	1258	1276	1543	1558
1797	1129	1132	1545	1548
1799	235	247	1547	1559
1800	1215	1221	1548	1553
1801	1676	1678	1548	1550
1802	384	395	1550	1558
1807	995	1012	1555	1574
1808	9	28	1556	1565
1810	2230	2234	1556	1559
1814	622	627	1560	1563
1818	931	937	1563	1572
1821	1059	1071	1565	1576
1822	1858	1878	1566	1584
1824	1938	1945	1567	1575
1826	2107	2113	1570	1575
1828	1348	1367	1572	1586
1829	1514	1528	1572	1581
1831	1110	1116	1573	1579
1832	1704	1720	1573	1589
1833	1806	1818	1573	1588
1834	2220	2226	1574	1580
1835	449	453	1576	1580
1836	1175	1210	1576	1615
1837	1768	1779	1576	1583
1838	539	553	1577	1589
1840	98	103	1579	1584
1841	671	687	1579	1593
1842	568	571	1582	1584
1844	1326	1339	1585	1594
1845	1385	1390	1585	1589
1847	2017	2023	1586	1592
1859	535	572	1595	1627
1860	1075	1078	1595	1599
1862	567	569	1598	1600
1864	1430	1441	1600	1607
1865	200	206	1601	1606
1866	1552	1561	1601	1608
1868	642	644	1602	1605
1869	1738	1750	1602	1611
1872	1634	1638	1607	1610
1873	656	675	1608	1630
1878	820	828	1611	1617
1879	1990	1993	1611	1614
1881	394	407	1612	1622
1882	69	72	1613	1616
1883	1599	1612	1613	1628
1884	1722	1727	1614	1619
1886	1807	1809	1616	1620
1890	348	352	1620	1624
1891	1621	1624	1621	1625
1893	922	944	1623	1640
1894	1948	1953	1623	1626
1895	1740	1761	1624	1643
1900	537	558	1629	1653
1905	886	893	1634	1640
1909	680	684	1636	1639
1910	1418	1440	1636	1657
1912	595	604	1638	1645
1913	216	226	1639	1648
1916	1880	1890	1639	1648
1919	429	436	1644	1651
1920	769	775	1644	1649
1921	288	307	1647	1666
1923	684	700	1648	1660
1926	804	810	1651	1655
1930	1505	1521	1654	1669
1934	916	924	1658	1665
1935	1420	1424	1658	1661
1940	964	987	1661	1684
1947	1908	1915	1665	1671
1949	1640	1642	1667	1669
1951	1138	1143	1668	1674
1952	1950	1963	1669	1683
1956	345	351	1677	1682
1957	613	625	1678	1689
1958	834	840	1679	1685
1959	2083	2095	1679	1693
1960	452	462	1680	1689
1966	2208	2230	1683	1701
1968	1474	1480	1684	1690
1969	1737	1744	1684	1691
1970	264	271	1687	1693
1975	1699	1701	1695	1698
1976	1985	1994	1695	1705
1977	1668	1670	1696	1698
1979	472	477	1697	1700
1980	721	725	1697	1700
1981	738	748	1698	1705
1982	1634	1640	1698	1702
1985	1010	1013	1702	1704
1992	773	775	1707	1709
1995	2019	2025	1707	1711
1996	1860	1866	1708	1711
1997	972	990	1709	1728
1998	437	454	1710	1721
1999	1461	1473	1711	1721
2002	1841	1850	1714	1721
2006	1349	1356	1717	1722
2007	1516	1532	1717	1730
2009	1880	1882	1718	1720
2011	151	161	1719	1727
2015	1398	1414	1721	1736
2016	1783	1796	1721	1730
2017	229	237	1722	1729
2018	842	852	1722	1731
2019	275	278	1723	1726
2021	1190	1199	1723	1732
2023	541	553	1726	1736
2026	450	454	1732	1736
2038	1696	1710	1742	1755
2039	1868	1878	1743	1753
2043	375	386	1750	1759
2047	1533	1535	1754	1756
2050	1085	1096	1756	1766
2052	1202	1215	1757	1766
2053	302	305	1758	1760
2054	901	915	1759	1770
2055	1484	1498	1759	1769
2056	1232	1238	1760	1766
2058	706	711	1761	1766
2059	1980	1986	1761	1767
2060	127	139	1762	1773
2062	733	741	1762	1770
2064	332	336	1764	1767
2066	2031	2034	1765	1768
2067	932	935	1766	1769
2070	683	692	1769	1777
2072	411	427	1770	1785
2076	1871	1875	1774	1777
2077	167	179	1777	1787
2078	201	218	1777	1790
2079	1220	1228	1777	1786
2082	1378	1395	1778	1795
2084	851	854	1779	1783
2085	719	727	1780	1787
2086	921	972	1780	1825
2088	1693	1699	1781	1785
2090	609	615	1783	1790
2092	1971	1975	1784	1787
2095	1590	1595	1786	1791
2097	1178	1193	1787	1799
2100	1605	1609	1789	1791
2102	2215	2228	1789	1802
2103	2243	2257	1789	1800
2108	1810	1813	1793	1795
2110	636	649	1794	1808
2117	81	86	1803	1807
2118	1885	1899	1803	1817
2119	1014	1021	1804	1810
2120	1576	1583	1804	1813
2122	125	127	1806	1808
2124	1734	1739	1807	1811
2126	1240	1243	1808	1810
2128	1334	1342	1810	1816
2130	1938	1940	1811	1814
2133	1758	1798	1813	1838
2137	1128	1135	1817	1824
2138	1187	1190	1817	1820
2143	1910	1919	1820	1831
2144	2113	2132	1821	1846
2146	2198	2206	1822	1829
2151	491	499	1825	1832
2154	6	21	1827	1841
2155	460	478	1827	1843
2157	1963	1969	1828	1833
2160	1012	1021	1832	1840
2161	1248	1252	1832	1837
2165	1602	1609	1838	1844
2172	1658	1663	1845	1849
2174	2185	2192	1845	1851
2175	855	863	1846	1853
2177	1986	1993	1848	1855
2179	1655	1657	1849	1852
2180	683	686	1850	1853
2182	214	221	1852	1858
2183	1905	1915	1852	1869
2184	1631	1635	1853	1856
2186	812	828	1855	1867
2190	1965	1969	1858	1861
2191	780	787	1859	1864
2196	1804	1814	1860	1868
2197	1018	1028	1861	1870
2199	401	410	1862	1875
2204	1517	1544	1866	1892
2206	2049	2056	1868	1876
2209	205	224	1871	1888
2210	1429	1433	1873	1877
2213	1112	1126	1876	1887
2214	1212	1224	1876	1886
2216	1247	1249	1878	1880
2218	2190	2192	1878	1880
2219	1479	1484	1879	1887
2220	1607	1613	1879	1886
2223	563	569	1882	1887
2224	702	705	1883	1886
2225	1444	1448	1884	1888
2226	1940	1943	1884	1886
2230	75	85	1888	1896
2234	2260	2263	1896	1899
2237	1975	1980	1901	1907
2239	1026	1045	1903	1923
2244	78	82	1908	1910
2247	242	251	1909	1918
2249	2169	2182	1909	1940
2250	1503	1517	1910	1922
2251	1775	1779	1910	1915
2253	1585	1598	1911	1920
2256	1687	1694	1912	1917
2257	1891	1895	1914	1918
2258	182	191	1915	1925
2261	2219	2225	1915	1921
2262	463	473	1916	1925
2263	964	971	1916	1922
2265	1686	1688	1916	1918
2270	560	567	1920	1930
2272	1631	1633	1921	1923
2273	915	917	1923	1925
2276	2089	2114	1925	1949
2278	536	544	1929	1936
2281	483	490	1933	1939
2285	623	630	1935	1942
2287	1666	1675	1936	1945
2289	877	893	1937	1949
2291	518	522	1938	1942
2292	1540	1547	1938	1945
2296	603	607	1940	1942
2297	806	814	1943	1950
2298	1504	1512	1943	1951
2299	1604	1609	1943	1947
2301	1565	1569	1946	1949
2307	1007	1009	1953	1955
2310	1817	1835	1954	1971
2311	1343	1352	1956	1964
2312	1950	1954	1956	1959
2315	1866	1884	1958	1980
2316	1541	1550	1960	1968
2322	1243	1256	1964	1979
2324	1745	1751	1965	1970
2326	1948	1950	1966	1969
2329	970	977	1968	1978
2330	2061	2079	1968	1988
2331	627	638	1969	1978
2334	362	372	1972	1983
2335	749	756	1973	1980
2338	949	958	1974	1980
2339	1017	1025	1974	1980
2340	1659	1684	1975	1998
2342	872	892	1976	1992
2344	1839	1853	1977	1993
2346	1632	1638	1979	1982
2349	1024	1027	1980	1983
2351	157	165	1981	1988
2354	303	311	1982	1994
2359	1468	1476	1986	1993
2360	2044	2046	1986	1988
2365	1485	1492	1991	1998
2366	2016	2019	1991	1993
2368	510	525	1994	2006
2369	928	936	1995	2004
2370	1262	1270	1995	2001
2374	946	954	1997	2005
2375	1611	1627	1999	2012
2377	337	348	2001	2011
2378	563	578	2001	2015
2381	1912	1922	2002	2009
2383	598	602	2003	2005
2384	1833	1839	2003	2007
2389	1231	1240	2009	2014
2390	301	304	2010	2012
2395	353	364	2015	2030
2396	1824	1855	2015	2044
2399	1663	1666	2016	2019
2401	663	670	2017	2022
2404	2268	2283	2018	2030
2405	1061	1067	2019	2025
2406	2075	2084	2019	2027
2408	2298	2299	2021	2023
2411	125	129	2023	2025
2413	1125	1139	2023	2038
2415	814	824	2025	2034
2416	1472	1478	2026	2033
2419	99	107	2033	2041
2421	887	898	2035	2046
2423	1711	1715	2035	2039
2426	703	714	2038	2048
2427	402	407	2039	2042
2431	1989	2011	2040	2061
2434	1081	1084	2042	2045
2435	1061	1064	2044	2047
2438	158	168	2046	2057
2446	315	318	2050	2053
2448	2101	2110	2051	2059
2450	1391	1393	2052	2055
2451	866	878	2053	2059
2453	1858	1871	2055	2066
2455	1183	1187	2057	2062
2456	806	814	2058	2066
2460	790	797	2061	2069
2466	479	492	2064	2076
2471	2212	2221	2067	2075
2477	2029	2053	2070	2088
2478	27	34	2071	2077
2479	269	272	2071	2075
2480	723	729	2072	2079
2482	1400	1405	2073	2077
2489	1491	1512	2080	2101
2491	1940	1948	2080	2092
2494	1997	2001	2082	2086
2495	449	458	2083	2090
2497	1603	1615	2084	2094
2500	384	391	2087	2091
2501	1123	1129	2087	2092
2503	1218	1227	2088	2095
2504	110	115	2089	2093
2507	281	291	2093	2101
2508	155	158	2095	2097
2511	1634	1644	2098	2107
2512	1100	1108	2099	2105
2513	1765	1776	2100	2111
2515	2136	2140	2104	2108
2516	939	943	2106	2111
2517	1731	1734	2106	2108
2520	974	976	2108	2110
2523	1062	1080	2110	2126
2528	1193	1197	2114	2117
2533	2216	2228	2118	2126
2537	1269	1285	2120	2134
2538	1741	1747	2121	2126
2539	2070	2079	2121	2131
2540	200	216	2123	2135
2542	871	878	2124	2130
2546	1052	1079	2128	2150
2547	1507	1527	2129	2154
2551	465	473	2132	2139
2553	1871	1875	2135	2138
2554	2224	2234	2137	2143
2556	522	530	2138	2145
2557	2247	2255	2139	2145
2558	446	456	2141	2151
2561	2065	2068	2142	2145
2562	156	160	2146	2149
2569	1383	1391	2154	2160
2570	660	662	2155	2158
2571	1535	1543	2155	2162
2575	1099	1102	2160	2163
2576	1372	1375	2160	2163
2580	1203	1207	2169	2173
2582	2211	2268	2169	2220
2583	157	172	2170	2183
2585	2260	2262	2171	2173
2586	17	22	2172	2179
2588	2277	2299	2173	2194
2589	961	963	2174	2176
2593	1852	1856	2177	2182
2594	1262	1274	2178	2186
2598	1251	1255	2181	2184
2603	1774	1784	2187	2197
2607	1768	1772	2189	2192
2608	1140	1169	2190	2219
2610	1027	1038	2191	2199
2611	1341	1345	2191	2193
2616	1816	1823	2199	2206
2620	1222	1236	2204	2217
2621	2095	2099	2205	2209
2622	93	107	2207	2218
2623	648	656	2207	2213
2625	522	567	2209	2240
2626	2133	2141	2209	2216
2627	223	227	2211	2214
2630	551	553	2212	2214
2632	203	214	2214	2224
2633	1107	1110	2215	2219
2636	2239	2241	2217	2219
2639	960	972	2221	2231
2643	1032	1048	2222	2237
2647	1731	1767	2226	2255
2648	650	683	2227	2264
2650	994	1007	2235	2247
2651	2221	2234	2235	2246
2653	1714	1717	2236	2239
2655	461	472	2238	2246
2656	1484	1492	2238	2242
2660	1682	1687	2240	2244
2661	702	706	2242	2249
2663	73	87	2243	2260
2665	1516	1531	2243	2256
2669	1430	1432	2245	2247
2671	2284	2294	2245	2256
2672	262	281	2246	2267
2673	1564	1576	2246	2256
2675	239	248	2248	2257
2676	1514	1516	2249	2251
2679	1258	1265	2251	2256
2681	1932	1944	2253	2264
2683	2261	2267	2254	2260
2685	511	515	2258	2261
2686	2140	2155	2258	2272
2687	524	530	2259	2265
2696	731	750	2263	2280
2697	2189	2202	2263	2278
2698	1993	1998	2264	2271
2710	934	939	2272	2279
2711	2211	2221	2272	2282
2714	1433	1436	2274	2278
2717	550	565	2278	2288
2719	171	182	2280	2290
2727	689	694	2287	2291
2734	519	527	2291	2299
2735	585	595	2291	2300
2736	705	710	2291	2296
2738	2041	2045	2293	2297
2739	296	304	2295	2301
2741	1084	1086	2298	2300
2743	143	155	2301	2311
2745	492	505	2303	2314
2748	1030	1036	2305	2311
2749	1989	2000	2307	2317
2751	1015	1024	2308	2315
2753	400	408	2309	2313
2754	512	519	2310	2316
2756	440	455	2312	2325
2759	909	920	2314	2323
2760	1541	1552	2314	2322
2761	304	316	2315	2328
2762	369	375	2315	2323
2763	1465	1471	2316	2322
2766	1958	1970	2317	2327
2768	697	708	2320	2328
2769	235	238	2322	2325
2770	335	339	2324	2326
2775	1867	1873	2332	2338
2777	1774	1779	2333	2337
2778	1837	1841	2333	2337
2783	159	164	2339	2343
2785	1721	1729	2340	2346
2786	1756	1762	2340	2346
2787	627	630	2341	2344
2788	860	867	2344	2349
2791	306	312	2346	2351
2799	1196	1206	2352	2363
2800	2224	2234	2352	2360
2803	2037	2040	2355	2358
2806	1781	1785	2356	2360
2807	2032	2035	2357	2359
2808	1989	1996	2358	2365
2815	1797	1807	2361	2372
2816	576	583	2362	2370
2820	17	24	2366	2372
2822	247	275	2369	2401
2825	301	330	2371	2400
2833	798	809	2380	2391
2834	775	779	2381	2385
2836	637	643	2382	2388
2837	700	711	2382	2392
2839	676	685	2383	2389
2846	2044	2061	2389	2398
2855	1902	1912	2395	2403
2856	353	362	2396	2403
2867	612	618	2400	2407
2869	2101	2105	2401	2406
2873	399	410	2405	2418
2874	431	452	2405	2419
2882	1800	1811	2408	2416
2884	2195	2203	2412	2419
2889	1975	1995	2414	2437
2895	490	514	2420	2436
2899	1722	1726	2425	2429
2903	1168	1176	2432	2440
2906	323	337	2433	2445
2909	1428	1443	2435	2450
2910	1612	1615	2438	2440
2911	1719	1727	2438	2445
2912	2253	2265	2438	2447
2913	297	307	2439	2449
2917	968	993	2441	2468
2918	1255	1259	2441	2444
2919	1896	1912	2441	2463
2920	2054	2061	2441	2445
2921	571	580	2442	2449
2923	1595	1602	2442	2450
2927	1384	1387	2444	2446
2928	1501	1507	2446	2452
2929	438	442	2447	2449
2934	887	915	2449	2473
2936	2119	2133	2450	2468
2938	1615	1618	2454	2457
2942	1269	1285	2456	2472
2945	1814	1817	2461	2464
2946	1574	1604	2462	2482
2948	1919	1923	2464	2467
2949	830	835	2466	2469
2950	1490	1497	2467	2475
2951	360	373	2468	2476
2952	1976	1980	2468	2475
2953	1848	1855	2470	2476
2955	607	626	2472	2487
2956	460	466	2474	2479
2958	802	808	2476	2481
2959	1656	1659	2477	2480
2960	473	483	2479	2490
2964	1131	1134	2481	2484
2966	143	149	2482	2488
2970	1742	1747	2487	2491
2971	1860	1866	2488	2495
2972	1960	1968	2488	2495
2973	2080	2092	2488	2499
2974	1465	1469	2489	2492
2977	1409	1411	2490	2492
2978	430	449	2491	2509
2979	722	725	2491	2495
2980	1039	1045	2491	2495
2981	1784	1791	2491	2497
2982	1933	1937	2491	2496
2985	1573	1578	2494	2498
2986	1347	1355	2495	2502
2989	240	246	2499	2504
2990	2135	2169	2500	2522
2992	482	490	2502	2509
2994	1886	1894	2504	2510
2995	2269	2278	2504	2514
2997	553	560	2506	2515
2999	1729	1733	2506	2511
3000	478	481	2507	2510
3001	2066	2076	2507	2517
3002	27	36	2508	2517
3005	374	402	2512	2545
3006	356	361	2513	2518
3010	1196	1224	2516	2541
3011	2100	2106	2516	2525
3013	1156	1166	2517	2526
3014	859	869	2518	2527
3018	1124	1140	2523	2540
3020	467	482	2527	2541
3021	615	622	2527	2533
3027	1265	1271	2532	2536
3029	1797	1821	2532	2553
3033	402	406	2538	2541
3035	1423	1427	2539	2542
3036	164	172	2541	2547
3039	1932	1944	2543	2556
3040	726	733	2545	2553
3041	983	1017	2545	2585
3043	711	713	2548	2550
3049	1779	1786	2554	2560
3053	1170	1189	2556	2575
3055	299	309	2557	2566
3062	477	489	2561	2570
3063	1527	1530	2561	2563
3064	1728	1743	2561	2574
3072	563	582	2567	2587
3079	755	761	2575	2582
3080	1405	1416	2575	2585
3083	1609	1617	2576	2580
3092	221	228	2582	2589
3093	390	396	2585	2591
3095	193	198	2586	2592
3098	1588	1598	2589	2598
3099	2028	2038	2590	2600
3103	1048	1051	2593	2596
3104	1729	1731	2593	2597
3108	1860	1877	2603	2616
3113	97	100	2606	2610
3114	1792	1836	2606	2655
3115	1098	1102	2608	2611
3118	356	362	2611	2616
3121	1599	1607	2612	2619
3123	546	554	2617	2624
3124	934	948	2617	2629
3125	464	502	2618	2664
3126	592	603	2619	2630
3127	1184	1188	2619	2623
3133	19	21	2621	2623
3136	101	117	2623	2648
3138	50	52	2624	2626
3141	415	425	2627	2633
3142	1704	1708	2627	2631
3149	351	359	2632	2638
3155	1119	1125	2638	2643
3156	64	71	2640	2645
3159	1964	1978	2640	2653
3161	1690	1698	2641	2647
3163	1671	1673	2642	2644
3168	431	433	2646	2649
3169	1765	1769	2646	2649
3172	183	202	2651	2670
3173	1074	1080	2652	2657
3176	152	156	2655	2659
3179	979	1004	2656	2676
3180	1088	1093	2656	2660
3182	521	525	2658	2663
3189	319	324	2661	2664
3191	2064	2083	2661	2675
3194	1772	1776	2663	2668
3195	606	612	2664	2671
3196	706	708	2664	2667
3197	395	402	2666	2672
3198	2260	2273	2667	2678
3201	1370	1382	2668	2681
3203	43	47	2671	2674
3206	671	690	2677	2696
3207	1755	1760	2679	2683
3211	387	395	2684	2691
3212	1219	1222	2684	2687
3215	1620	1631	2686	2702
3218	1522	1543	2688	2699
3220	1218	1222	2689	2693
3221	2241	2255	2689	2701
3232	2109	2111	2701	2703
3237	593	599	2707	2712
3239	481	485	2709	2713
3240	1514	1551	2709	2757
3244	1862	1874	2711	2721
3247	871	886	2714	2725
3251	1584	1590	2715	2721
3252	1933	1962	2715	2745
3259	434	446	2720	2732
3264	976	979	2727	2729
3266	1823	1830	2728	2738
3269	520	530	2730	2740
3272	117	119	2731	2733
3274	52	54	2732	2734
3278	643	663	2734	2752
3282	414	416	2737	2739
3283	264	271	2738	2745
3290	2088	2099	2746	2756
3292	2217	2219	2746	2749
3295	822	828	2748	2753
3296	1570	1588	2748	2763
3298	1081	1083	2750	2752
3303	1518	1521	2756	2759
3306	1539	1541	2757	2759
3309	1491	1494	2759	2761
3313	130	140	2761	2772
3314	1758	1768	2761	2771
3316	1632	1643	2765	2773
3317	246	261	2766	2783
3318	837	852	2770	2785
3319	584	599	2771	2784
3324	1511	1523	2773	2784
3329	1764	1771	2779	2786
3333	636	656	2784	2809
3335	551	571	2786	2809
3338	709	716	2787	2794
3340	272	288	2790	2807
3347	809	816	2797	2802
3348	2184	2187	2797	2800
3350	248	263	2800	2812
3352	939	947	2800	2808
3353	2032	2038	2800	2806
3356	180	192	2803	2817
3357	1655	1667	2804	2815
3361	1717	1723	2806	2812
3364	813	825	2810	2818
3366	447	456	2814	2827
3368	787	792	2818	2822
3370	398	401	2820	2822
3372	534	540	2821	2826
3373	2114	2116	2822	2825
3376	1763	1767	2826	2829
3378	2279	2294	2827	2842
3380	802	807	2829	2834
3381	1996	1999	2829	2832
3382	230	255	2830	2854
3386	2146	2158	2834	2846
3388	1626	1629	2836	2840
3389	480	490	2837	2843
3391	1844	1861	2842	2858
3393	331	352	2844	2865
3395	439	445	2845	2850
3400	1746	1754	2848	2854
3404	157	160	2853	2858
3405	687	697	2854	2861
3408	837	840	2859	2862
3411	2130	2141	2861	2869
3414	1631	1633	2865	2867
3420	135	162	2870	2897
3422	264	267	2874	2876
3425	1748	1761	2875	2884
3428	703	709	2878	2883
3429	218	229	2880	2892
3430	459	465	2880	2887
3432	466	468	2884	2886
3433	852	857	2884	2887
3441	395	405	2890	2899
3444	1889	1901	2891	2908
3447	1718	1734	2894	2911
3448	569	585	2895	2914
3450	1673	1685	2895	2911
3452	661	671	2896	2904
3455	2100	2107	2897	2903
3460	418	431	2905	2912
3461	613	628	2905	2916
3465	17	23	2907	2913
3466	34	41	2908	2914
3468	683	690	2910	2917
3474	1829	1835	2912	2918
3484	2108	2122	2923	2931
3487	2195	2227	2924	2958
3491	858	864	2928	2934
3493	20	26	2932	2936
3494	929	936	2933	2941
3502	1849	1856	2943	2948
3503	1917	1921	2943	2946
3506	1991	2005	2947	2959
3507	261	278	2949	2967
3509	448	454	2951	2956
3510	47	63	2952	2967
3512	571	579	2956	2962
3513	757	778	2956	2975
3519	809	816	2964	2969
3523	85	88	2968	2971
3525	738	743	2974	2979
3526	1734	1736	2974	2976
3532	339	346	2984	2991
3535	612	622	2993	3002
3536	107	122	2994	3009
3539	2098	2108	2994	3005
3540	2141	2154	2997	3011
3541	762	773	2998	3006
3543	1789	1794	2999	3003
3544	731	736	3001	3007
3546	383	396	3003	3015
3547	1964	2001	3005	3026
3548	788	796	3007	3014
3549	866	870	3007	3011
3550	174	178	3008	3013
3551	1896	1934	3009	3041
3552	215	228	3010	3023
3555	196	198	3017	3019
3556	193	195	3018	3020
3557	833	841	3018	3026
3565	1680	1693	3027	3036
3568	90	113	3029	3050
3571	529	534	3033	3038
3572	2140	2154	3034	3050
3573	2244	2254	3035	3042
3576	2294	2296	3038	3040
3577	423	442	3039	3057
3578	467	477	3040	3049
3579	492	496	3040	3045
3580	2057	2059	3041	3043
3581	592	595	3042	3044
3582	2275	2277	3042	3046
3585	124	136	3045	3054
3586	368	384	3045	3055
3594	870	876	3052	3061
3597	328	336	3058	3064
3603	1740	1743	3070	3074
3609	768	789	3076	3103
3612	1772	1788	3078	3095
3614	387	403	3079	3099
3616	871	879	3080	3086
3617	194	198	3081	3084
3621	911	921	3084	3095
3626	798	804	3092	3098
3636	1918	1924	3102	3109
3641	892	896	3107	3111
3646	739	749	3111	3122
3647	188	192	3113	3118
3648	354	357	3114	3117
3652	419	438	3117	3141
3656	1740	1765	3122	3140
3659	804	812	3123	3129
3660	851	859	3123	3130
3664	178	180	3125	3127
3666	778	784	3127	3133
3667	1709	1714	3128	3133
3674	2279	2298	3139	3151
3679	751	767	3144	3158
3685	1697	1704	3147	3154
3689	316	329	3151	3163
3692	2218	2238	3154	3179
3693	205	216	3156	3165
3694	1772	1794	3156	3175
3698	2285	2295	3162	3171
3706	1738	1742	3170	3174
3707	1873	1891	3171	3190
3716	164	168	3184	3187
3720	1697	1702	3188	3196
3725	126	133	3199	3205
3726	2232	2238	3199	3206
3727	1768	1770	3203	3205
3730	807	817	3208	3219
3733	189	193	3211	3216
3734	257	262	3211	3215
3752	746	806	3224	3285
3753	826	830	3226	3229
3757	113	120	3231	3238
3760	2229	2234	3238	3243
3765	55	59	3246	3250
3766	1879	1889	3246	3257
3769	926	951	3248	3273
3772	2132	2136	3253	3257
3775	371	375	3258	3263
3776	1727	1731	3258	3261
3780	1706	1713	3264	3272
3782	105	118	3268	3279
3789	834	842	3279	3284
3793	522	528	3283	3288
3795	2127	2139	3286	3296
3802	808	821	3294	3307
3805	1702	1714	3299	3309
3809	356	366	3303	3312
3811	519	542	3305	3321
3812	764	772	3305	3309
3813	2026	2043	3305	3324
3816	401	409	3311	3319
3818	189	191	3314	3316
3819	1965	1970	3314	3318
3822	420	428	3319	3329
3828	334	350	3328	3338
3830	2059	2084	3330	3351
3831	95	107	3331	3346
3835	871	885	3336	3348
3836	1709	1715	3336	3343
3841	2257	2267	3341	3350
3843	524	534	3342	3351
3847	1710	1720	3351	3360
3848	1657	1663	3353	3358
3853	218	223	3359	3364
3865	2262	2271	3371	3378
3868	1689	1691	3373	3375
3869	2018	2030	3373	3385
3872	780	789	3375	3381
3886	374	403	3394	3423
3888	762	768	3398	3402
3889	2206	2208	3398	3401
3891	777	785	3399	3406
3892	586	600	3400	3413
3895	804	814	3403	3413
3900	57	61	3410	3413
3901	934	940	3410	3417
3904	1564	1570	3412	3419
3910	506	516	3422	3430
3917	1468	1479	3428	3441
3920	813	824	3429	3440
3923	1091	1099	3430	3436
3925	311	321	3435	3444
3927	217	258	3437	3482
3928	990	993	3437	3440
3931	943	946	3438	3442
3932	2151	2157	3438	3445
3935	201	205	3440	3445
3937	568	575	3440	3447
3939	1006	1012	3440	3446
3940	1151	1154	3442	3445
3941	1611	1614	3442	3445
3944	1434	1458	3444	3464
3946	1838	1842	3448	3453
3948	2076	2078	3449	3452
3957	1669	1678	3456	3465
3959	9	14	3457	3460
3961	1469	1479	3457	3462
3970	447	450	3464	3468
3971	1173	1177	3464	3468
3972	1576	1584	3464	3473
3979	617	631	3468	3477
3981	1066	1074	3470	3478
3983	1390	1400	3474	3485
3986	383	391	3476	3484
3987	567	572	3478	3481
3989	2012	2037	3478	3502
3990	2135	2141	3478	3484
3993	1102	1108	3481	3488
3995	1146	1156	3485	3494
3996	1195	1199	3485	3489
3998	1552	1565	3488	3497
4001	1879	1883	3489	3492
4004	1702	1709	3490	3495
4006	444	450	3492	3496
4009	416	420	3494	3498
4010	1526	1534	3494	3502
4013	678	691	3498	3510
4015	2077	2088	3500	3508
4020	948	959	3510	3516
4021	507	510	3511	3514
4022	865	877	3511	3521
4024	1650	1656	3516	3522
4025	2053	2059	3516	3521
4026	1701	1704	3518	3521
4027	2181	2202	3518	3541
4030	1177	1191	3522	3529
4031	1509	1513	3522	3526
4035	33	39	3526	3536
4036	1868	1874	3527	3534
4037	1798	1805	3528	3534
4039	1838	1854	3531	3546
4041	2099	2105	3532	3538
4045	617	623	3537	3548
4048	679	691	3538	3547
4053	2251	2265	3541	3558
4054	1961	1964	3544	3547
4060	992	1004	3548	3564
4061	1238	1244	3549	3556
4063	1929	1952	3551	3575
4067	1566	1573	3555	3562
4068	731	739	3556	3562
4069	1600	1611	3556	3565
4070	445	454	3557	3566
4072	1495	1500	3559	3564
4073	1352	1370	3560	3571
4074	260	303	3562	3599
4076	1059	1069	3566	3576
4077	764	771	3567	3573
4081	571	576	3571	3578
4082	385	393	3572	3579
4085	1261	1263	3573	3576
4086	2207	2212	3575	3577
4087	835	852	3576	3596
4088	2254	2269	3576	3590
4089	1059	1066	3577	3582
4090	1484	1495	3578	3586
4091	2130	2139	3578	3588
4092	1034	1037	3579	3582
4093	1331	1339	3583	3590
4096	79	84	3589	3593
4099	1194	1207	3593	3605
4101	1127	1131	3596	3599
4112	1515	1523	3604	3614
4113	619	624	3605	3610
4114	1048	1053	3607	3612
4115	995	1000	3608	3615
4116	669	676	3610	3616
4120	2219	2243	3614	3642
4122	330	336	3618	3624
4124	349	352	3619	3622
4128	917	927	3620	3630
4129	31	36	3621	3627
4130	2255	2266	3621	3631
4131	636	642	3623	3629
4134	2131	2134	3627	3631
4137	1892	1894	3631	3633
4138	411	420	3632	3638
4140	1623	1627	3633	3637
4144	1115	1121	3639	3645
4146	645	649	3641	3645
4150	240	244	3650	3654
4152	783	786	3652	3657
4156	129	137	3657	3663
4163	1721	1728	3664	3671
4166	1017	1025	3665	3671
4168	1124	1127	3666	3669
4171	350	359	3671	3677
4173	1004	1009	3671	3675
4176	544	547	3676	3679
4178	45	57	3679	3690
4180	598	601	3682	3684
4182	851	856	3687	3692
4184	980	985	3688	3693
4186	801	813	3690	3711
4193	692	695	3693	3697
4195	1644	1650	3694	3698
4196	1527	1533	3695	3702
4199	2125	2171	3697	3741
4200	521	536	3699	3713
4201	554	565	3699	3708
4204	1367	1376	3705	3713
4206	461	485	3706	3731
4210	641	651	3711	3720
4212	196	220	3714	3735
4213	791	794	3714	3717
4214	2074	2081	3714	3720
4216	1370	1372	3716	3718
4218	34	37	3719	3722
4219	1829	1851	3719	3734
4220	387	392	3722	3727
4222	1013	1030	3724	3737
4225	299	306	3726	3733
4226	1246	1250	3726	3730
4227	1459	1465	3727	3736
4228	587	598	3730	3742
4229	958	980	3730	3755
4230	1924	1928	3730	3734
4235	1671	1681	3733	3743
4240	525	531	3735	3739
4243	166	174	3737	3744
4246	456	465	3740	3748
4247	693	695	3741	3743
4248	1760	1771	3741	3753
4249	313	340	3742	3770
4251	1264	1272	3743	3754
4252	1617	1625	3744	3753
4253	273	280	3745	3751
4256	792	810	3749	3768
4263	1435	1450	3755	3772
4266	2027	2033	3758	3765
4268	1332	1340	3760	3771
4270	367	398	3761	3792
4273	1466	1483	3761	3775
4275	248	259	3766	3774
4282	1210	1219	3769	3779
4283	467	474	3771	3777
4285	2223	2228	3772	3778
4286	1271	1281	3774	3783
4288	2190	2198	3774	3788
4289	2272	2279	3774	3780
4290	1052	1059	3775	3781
4293	411	419	3777	3786
4296	2142	2145	3780	3783
4302	1420	1428	3782	3790
4306	2029	2045	3784	3794
4307	1134	1137	3785	3787
4312	1566	1586	3790	3801
4314	451	455	3793	3798
4316	359	384	3794	3817
4318	2167	2173	3794	3800
4319	2002	2009	3795	3802
4321	1778	1782	3797	3800
4325	401	431	3809	3837
4327	2268	2276	3809	3818
4332	440	443	3812	3815
4333	1267	1269	3813	3816
4334	2013	2025	3813	3823
4338	711	718	3816	3825
4339	170	180	3818	3828
4340	835	838	3818	3821
4342	1494	1501	3818	3824
4343	626	636	3820	3829
4346	1776	1801	3823	3846
4347	1935	1939	3823	3827
4348	2113	2123	3823	3832
4349	325	328	3824	3826
4350	893	896	3826	3829
4354	664	667	3832	3835
4357	2141	2161	3835	3855
4362	1900	1902	3838	3840
4363	1489	1492	3839	3842
4368	259	268	3846	3855
4371	153	160	3848	3856
4373	1061	1068	3850	3857
4374	319	331	3851	3864
4376	558	562	3853	3858
4377	825	832	3854	3860
4379	1967	1970	3856	3859
4380	763	768	3857	3861
4384	1735	1740	3859	3861
4386	797	800	3861	3865
4387	1005	1031	3861	3880
4388	922	928	3863	3868
4393	1892	1895	3866	3869
4394	1509	1512	3867	3870
4398	2140	2143	3869	3872
4399	2141	2157	3870	3884
4400	437	444	3871	3876
4402	1739	1754	3872	3887
4407	1093	1103	3876	3884
4408	718	723	3878	3882
4413	1581	1583	3881	3884
4415	1595	1597	3882	3884
4420	700	704	3885	3889
4424	108	112	3892	3896
4425	1514	1521	3892	3898
4426	952	962	3893	3902
4428	1979	1990	3894	3904
4429	765	768	3896	3898
4431	473	475	3899	3901
4435	1164	1168	3905	3910
4436	2181	2198	3905	3921
4437	6	16	3908	3917
4440	1046	1061	3909	3921
4441	1635	1642	3911	3919
4445	2037	2047	3914	3924
4447	2112	2120	3915	3923
4449	2059	2064	3917	3923
4451	345	352	3920	3926
4452	494	503	3920	3928
4454	219	223	3921	3926
4455	866	872	3921	3927
4459	631	638	3923	3932
4462	837	843	3924	3930
4463	1385	1400	3926	3940
4464	2145	2154	3928	3935
4465	1133	1145	3930	3946
4469	909	918	3932	3940
4474	2002	2016	3935	3955
4477	1000	1005	3936	3940
4478	2221	2230	3938	3950
4481	294	311	3941	3954
4482	1708	1720	3941	3955
4484	33	38	3945	3950
4485	925	929	3945	3949
4486	244	261	3946	3959
4489	946	957	3951	3963
4491	652	656	3952	3954
4492	143	149	3953	3959
4497	562	569	3956	3963
4498	736	744	3956	3963
4499	1897	1903	3956	3963
4501	677	684	3957	3963
4504	213	220	3960	3967
4509	148	154	3965	3971
4514	524	529	3968	3972
4516	1980	1989	3970	3977
4519	1836	1839	3973	3977
4520	843	846	3974	3976
4521	930	937	3975	3981
4524	573	588	3979	3986
4525	997	1002	3980	3984
4527	1665	1670	3980	3984
4533	1258	1267	3984	3991
4535	1017	1022	3985	3991
4540	854	860	3990	3998
4541	2028	2037	3990	3998
4544	1078	1080	3991	3994
4548	706	715	3995	4002
4549	1953	1960	3995	4002
4558	1486	1498	4005	4016
4560	1993	2000	4005	4013
4566	1731	1742	4011	4027
4567	1914	1918	4011	4014
4569	1861	1865	4013	4018
4570	287	293	4015	4020
4571	1347	1352	4015	4020
4574	1752	1756	4017	4021
4575	1819	1847	4017	4044
4578	693	700	4021	4028
4579	798	800	4022	4026
4580	2166	2185	4022	4039
4581	993	998	4026	4029
4582	848	853	4030	4035
4584	2011	2016	4033	4037
4587	1198	1200	4035	4038
4588	1914	1931	4035	4047
4590	440	442	4037	4040
4593	1592	1601	4040	4046
4595	1371	1379	4041	4048
4596	831	842	4043	4053
4598	1169	1175	4043	4049
4599	1330	1334	4043	4048
4601	1762	1777	4048	4057
4604	346	357	4051	4063
4606	1065	1073	4052	4057
4613	2079	2095	4056	4070
4616	1634	1645	4061	4070
4617	2136	2139	4062	4065
4618	587	593	4063	4070
4620	294	298	4064	4067
4625	888	895	4068	4076
4626	205	231	4069	4093
4631	1329	1334	4073	4077
4633	851	860	4075	4083
4634	435	471	4076	4108
4636	1559	1567	4079	4087
4637	1703	1709	4079	4084
4642	2146	2158	4087	4102
4648	1481	1484	4091	4094
4655	1899	1906	4097	4104
4657	1507	1513	4098	4105
4660	727	730	4101	4104
4662	1881	1888	4102	4107
4670	1017	1026	4107	4116
4678	766	781	4115	4128
4683	251	260	4117	4125
4686	630	633	4120	4123
4687	1630	1637	4120	4134
4688	2005	2022	4120	4137
4693	126	133	4125	4131
4694	1089	1094	4125	4130
4696	1355	1367	4130	4144
4703	604	611	4137	4141
4707	1062	1070	4139	4146
4710	784	797	4141	4154
4711	1570	1572	4142	4144
4717	984	990	4151	4158
4718	1788	1791	4151	4155
4719	1936	1938	4152	4155
4721	873	882	4153	4158
4726	725	738	4157	4172
4728	1847	1857	4159	4169
4730	1466	1488	4161	4180
4731	1646	1661	4161	4173
4732	93	97	4162	4165
4734	255	260	4163	4168
4740	755	759	4166	4172
4742	428	468	4167	4202
4744	1446	1455	4168	4176
4746	1663	1665	4169	4171
4753	1514	1520	4177	4183
4754	334	359	4178	4200
4755	1796	1804	4178	4187
4756	1030	1032	4179	4181
4760	37	44	4181	4188
4762	1085	1090	4182	4187
4763	1512	1516	4182	4185
4766	1981	1992	4184	4193
4769	1581	1587	4187	4191
4770	2116	2125	4188	4195
4772	1477	1493	4192	4205
4782	1139	1158	4200	4223
4784	876	882	4201	4210
4786	2009	2016	4201	4207
4787	129	139	4205	4215
4794	735	742	4210	4217
4799	1827	1844	4215	4228
4800	238	241	4216	4220
4804	2007	2017	4218	4228
4807	2112	2131	4219	4232
4817	285	300	4230	4242
4819	1071	1076	4231	4238
4826	1407	1422	4239	4255
4831	301	305	4242	4246
4833	22	27	4243	4250
4834	481	494	4243	4253
4835	2012	2025	4245	4258
4838	1637	1646	4247	4255
4839	1488	1497	4248	4253
4849	1517	1543	4254	4272
4852	162	183	4256	4275
4853	138	141	4257	4260
4859	1760	1763	4259	4261
4866	371	377	4264	4269
4867	610	621	4264	4277
4869	1280	1287	4264	4269
4870	1714	1738	4264	4289
4877	87	97	4272	4290
4882	1281	1290	4275	4283
4884	459	484	4277	4300
4887	850	857	4280	4287
4891	1107	1112	4284	4289
4895	1394	1405	4288	4299
4898	1817	1825	4289	4294
4905	1567	1576	4297	4305
4907	1719	1729	4298	4308
4911	1475	1496	4300	4313
4916	1150	1161	4302	4314
4920	273	283	4307	4317
4922	1173	1185	4307	4315
4923	1436	1451	4307	4321
4929	332	341	4310	4319
4931	1870	1879	4310	4315
4933	416	422	4313	4319
4939	796	803	4320	4326
4941	353	359	4321	4328
4951	959	971	4333	4343
4953	1525	1529	4334	4338
4964	842	855	4341	4350
