Number	xmin	xmax	ymin	ymax	counts
17	1042	1052	11	19	0.0
21	1843	1847	16	21	3066.0671563483647
25	797	813	22	34	11706.83157152927
28	1130	1141	23	33	6676.597099113609
30	1232	1240	25	38	6552.162866449482
35	2270	2285	30	43	0.0
37	1906	1909	31	34	2177.9966329966346
41	843	877	36	78	205687.37000000017
44	772	774	39	42	2410.3333333333303
48	2280	2282	44	46	0.0
50	696	702	45	50	2925.865979381423
52	750	755	46	51	3202.0791366906487
54	714	718	47	51	2496.067643742948
57	1977	1985	49	54	3686.3805899143526
64	350	356	55	61	3660.082272282092
65	1660	1667	56	62	3652.38476374155
70	820	838	62	79	13734.791130185951
71	1233	1240	62	69	3501.7041198501765
76	1148	1172	65	79	14445.673186119911
87	852	855	73	75	17952.567944250884
94	324	331	75	81	4217.58286778396
99	689	696	80	85	3062.3846153846207
100	1132	1139	81	87	3787.157258064506
103	2265	2276	84	93	0.0
105	1729	1734	85	91	3466.4085603112653
106	1891	1908	85	97	18501.63561643836
109	277	291	86	95	7362.45769230767
116	2247	2257	88	97	1208.1070745697953
117	998	1012	89	100	6521.9209932279855
118	67	72	90	94	2386.303626943004
121	350	357	91	95	3251.746327130284
122	880	910	93	132	185661.4053097345
123	1181	1185	93	95	2445.1136890951348
125	1521	1533	96	106	7262.617293835069
128	2237	2240	98	101	7894.8107049608325
130	1025	1027	100	102	5871.697916666656
131	2225	2237	100	111	9874.599999999977
132	832	838	101	105	2805.3975903614682
136	1027	1039	103	117	8981.811250925257
137	95	98	104	106	3928.67865168539
138	1494	1513	105	122	30894.894504106152
140	114	135	110	129	26069.38177486606
141	179	186	110	114	3598.164193867462
145	798	802	112	114	2255.262857142845
146	2092	2109	112	129	48879.15384615385
147	1131	1141	113	122	4432.061396131183
149	1071	1089	115	133	18133.431875000064
151	2047	2062	119	137	24506.8136363636
152	2138	2147	119	127	4859.6198934280565
153	1792	1823	123	139	38582.600692440945
154	2214	2225	123	135	9491.802507836983
157	1596	1606	127	137	6693.537431048067
161	1232	1246	129	143	11262.723969252249
166	1744	1762	136	151	24746.85454545454
167	834	848	137	152	11452.13708513712
168	2185	2188	137	140	3086.94021101994
171	1650	1688	140	176	903342.4279661013
172	669	685	141	154	10579.410027472526
174	330	332	143	146	2303.1404867256624
180	544	571	151	176	78369.00937500005
181	1551	1557	151	155	3200.7792079207766
182	483	512	153	175	96935.50132205186
183	603	606	153	155	1699.2479908151681
184	1944	1973	153	190	58626.763470319594
192	845	863	160	172	11796.205673758905
193	1277	1283	160	166	2614.6291913214945
199	541	544	166	169	17536.55788313121
200	2000	2006	171	176	4129.714863498497
201	775	787	172	184	6767.931547619033
205	713	729	178	189	7787.936416184995
206	2228	2239	178	190	9115.84377758165
210	599	602	180	184	2929.552602436308
215	1862	1870	184	191	4553.990325417788
216	1888	1896	184	188	2888.296404275976
221	1494	1497	194	196	290247.32534246554
222	2012	2018	194	199	2477.059760956189
223	964	975	195	203	329130.16183986375
225	398	406	196	201	2744.867850098639
228	983	1006	201	217	22940.958730158683
230	330	336	202	206	2785.760675273068
233	1511	1515	203	214	211411.5132591959
234	2062	2075	203	214	9311.172543135805
237	1989	1991	208	211	1814.630841121494
238	190	192	209	212	2161.7435597189556
243	938	941	211	214	1749.6114221724474
244	65	75	212	229	11480.748216833086
246	558	570	213	222	5747.393364928875
247	726	731	214	217	2279.3099671412742
248	1044	1050	214	218	2521.736363636387
249	251	258	215	221	4285.598165137591
251	632	657	216	235	25486.290102389
252	399	404	217	222	1873.3800205973062
254	1512	1514	217	219	171292.92008639302
255	208	210	218	220	1999.7522522522436
260	92	109	225	238	10969.953651685413
262	1819	1838	225	233	8448.620991253643
263	2074	2082	225	231	3954.4256505576113
264	1083	1094	230	238	5186.9387096774335
268	891	910	235	253	32525.305555555504
269	876	885	237	246	6553.594190140859
272	1496	1505	240	249	3825.454018227005
273	2169	2173	240	243	2806.2605405405416
274	1847	1858	241	251	5682.166112956807
275	746	767	242	263	58093.09302325573
277	1985	1989	245	248	2110.8805970149124
279	1640	1656	247	260	14375.095890410917
280	2063	2072	247	254	4263.443298969068
281	1530	1539	249	258	4424.693251533719
282	788	793	250	255	2742.6242236024796
286	2254	2264	254	266	0.0
287	1892	1896	256	259	2092.946351931345
298	363	383	267	282	22031.91012658223
300	1862	1873	267	278	7003.540746382346
304	895	898	271	275	1605.2171893147583
307	2020	2023	274	277	2135.362850971934
308	2195	2225	276	309	282834.94672897214
309	1808	1812	278	282	2586.713097713081
312	698	711	283	291	5111.223429014712
316	588	598	287	294	4156.122137404564
317	641	644	291	294	1667.9864864864903
319	970	975	292	299	40622.491891891885
320	897	912	293	316	369123.5780487805
322	1004	1009	295	297	81193.87599999997
323	1757	1764	296	305	4236.864154250638
324	1988	2001	297	308	11908.356617647021
325	744	762	298	315	32978.09746835449
328	894	904	306	314	367856.47413061926
331	116	119	309	313	2442.392070484574
332	2089	2106	312	325	20122.31621621619
335	469	473	317	320	1690.642376681616
339	2218	2229	317	327	8407.870095902392
345	2251	2269	324	339	278.4195011337879
346	439	445	325	331	2172.041626331062
348	935	947	326	338	7279.239245283022
349	1969	1995	326	355	94203.88741044015
353	1920	1928	330	338	4069.2545771577898
355	629	637	331	336	3189.31593406595
356	131	147	334	348	19927.891891891923
361	1576	1585	336	343	3979.0303030302894
364	75	92	341	353	16671.10486634682
365	2223	2235	343	353	7765.452970297043
366	430	439	344	353	4194.266331658306
367	256	259	345	349	2193.4989130434833
368	1827	1836	345	354	4793.7049714751365
369	1261	1266	346	349	2070.9269311064663
372	1129	1195	348	391	606849.2908496727
373	2136	2160	349	371	43334.88944444433
376	1902	1910	351	356	2944.5372848948555
377	863	901	352	389	600650.5823529409
378	1772	1782	352	360	4365.565397351007
379	1100	1110	355	363	3130.3744454303487
383	811	818	358	363	2542.65267175572
387	1969	1986	362	378	22425.585449553877
388	2275	2289	362	375	0.0
390	2177	2185	363	372	5416.000000000024
391	697	705	366	371	2029.5415384615544
393	556	577	367	387	30891.823529411722
395	929	941	368	376	3664.3084745762862
400	768	777	370	379	3602.375108790271
404	1599	1613	370	382	15683.331902718142
405	130	146	372	384	10817.559215136615
406	171	173	375	377	1968.2282996432832
408	1923	1930	375	381	3251.4275092936696
410	81	97	377	388	10497.809116809127
412	1793	1802	379	387	3733.299251870337
415	821	825	381	384	1784.5062499999922
420	354	360	388	393	2165.8391608391457
422	1730	1744	388	403	11725.49999999997
423	700	703	389	392	13031.140369967346
427	1269	1276	389	395	3190.7289719625987
433	1917	1928	393	404	7871.862470862442
434	2196	2213	393	407	22676.754666666624
436	1852	1855	395	398	2358.7916666666806
441	1547	1551	398	401	2834.048596112295
443	1988	2006	401	412	11684.361864996488
444	1181	1192	402	412	4424.133333333328
448	1474	1481	405	410	2090.4954034729276
458	441	444	412	415	1561.4314835787045
460	2028	2036	415	423	3861.058528428107
461	2263	2291	415	441	0.0
462	356	372	416	428	6695.449122807022
465	269	284	418	432	15677.126712328747
466	923	935	420	434	5964.912482065967
471	1728	1731	422	425	2201.5517241379484
472	407	409	423	425	1330.2258064516282
473	1981	1992	424	434	10429.600474683528
474	1268	1276	425	436	3773.5297157622817
478	685	696	428	436	3802.8613376835365
479	1147	1149	428	430	1617.1670854271224
481	1100	1137	430	457	145199.09583333327
484	1203	1211	432	437	2455.973782771549
486	468	479	433	444	5929.408882082673
487	1839	1846	434	439	2124.6923076923244
491	845	855	438	446	3268.5131221719275
493	314	317	439	441	1557.300480769225
500	2133	2138	446	451	3549.8716417910646
505	2282	2287	451	458	0.0
506	1511	1522	452	460	3775.2875647668716
508	244	259	455	473	8952.933687002684
509	851	858	456	462	2709.621840242684
516	182	190	461	469	3917.9298561151154
518	2147	2166	462	476	23026.689836065525
522	1167	1196	467	493	152805.74646464642
527	2132	2138	471	474	2901.168831168834
528	1490	1493	472	474	1403.7961494903666
529	1684	1701	472	487	32679.940789473727
530	1904	1915	472	481	7908.075000000015
532	919	928	474	482	2887.330220713092
533	1761	1769	474	479	2788.4440227703953
538	585	600	478	488	8351.338405797083
543	372	378	483	487	2033.6369230769387
544	2065	2070	483	486	3154.568627450976
547	737	747	486	496	4274.117402164828
550	2175	2183	488	494	3948.2255434782373
551	177	186	490	499	4680.299226139296
552	1756	1768	490	504	8635.524052478153
553	162	168	491	497	3336.4789579158078
558	214	218	499	501	1653.0284414107045
559	454	464	499	508	4555.3993399339815
565	738	743	504	508	2696.9066107030467
566	1021	1023	504	506	3036.358695652154
568	1478	1480	506	508	1785.9535452322611
573	2011	2013	511	513	1780.310734463285
576	971	993	516	532	17387.993421052604
577	1209	1225	516	522	4459.513470681421
580	224	227	519	522	2565.447744774477
584	1648	1655	523	529	3429.4485714285765
592	1150	1158	530	535	2702.2571428571227
601	228	230	537	539	1862.3206388206327
603	295	325	538	585	100320.50207125093
606	472	493	541	563	22854.584677419283
611	347	360	547	556	4296.225656877918
612	1089	1098	547	554	3588.4739583333403
616	783	805	549	570	40500.11494252879
619	2179	2186	551	556	2973.0827845719505
622	553	559	553	559	2229.9096325720184
624	1708	1713	554	558	2376.1146245059135
628	383	387	559	563	2073.2352331606244
630	571	584	562	577	8549.031982942433
635	602	614	567	578	5399.852496217819
638	155	157	569	571	3286.903225806468
640	976	979	570	573	1755.7488839285775
642	425	428	571	574	2524.278017241366
643	268	276	573	581	3816.9342681858243
644	332	345	573	583	7717.338308457736
645	76	93	574	595	35822.79512195122
646	1733	1750	574	592	43076.83860759495
648	405	412	580	585	3278.8963531669615
649	1900	1902	581	583	1813.2000000000144
653	513	528	586	599	14036.036111111127
654	631	647	589	600	6621.292363636381
655	903	918	589	601	13283.780281690182
658	1893	1897	592	597	2529.818181818186
661	2155	2164	593	601	5027.662691652457
662	1514	1518	595	598	1576.2346368715253
666	960	971	599	609	5801.753679318332
668	321	325	601	604	2649.269978401746
670	556	563	603	609	2876.777777777791
672	1951	1988	603	634	198598.14553571423
673	2017	2025	604	610	3187.8388245770325
675	1710	1718	605	613	4372.623212783853
678	1422	1430	606	612	2615.9564032697635
679	682	692	607	618	6099.406477732784
680	779	783	608	611	1494.0272034820564
681	189	195	610	614	2498.645161290315
682	1635	1664	611	637	28978.148559878806
683	640	651	612	621	4510.840201850302
685	1891	1909	612	626	8847.285619174396
686	863	894	613	639	83531.8771060455
687	135	165	614	643	83840.7378640777
689	833	843	618	627	4137.479474548454
690	46	72	621	650	74314.27070707077
691	273	288	622	637	14267.595505618014
692	1451	1462	622	630	3945.738310090226
694	334	340	623	629	2466.616267942568
696	2217	2222	624	628	2742.5680894309044
697	204	220	625	637	10848.685314685295
698	1931	1937	625	631	3143.8235849056377
699	1474	1481	626	631	2554.056451612927
701	1110	1126	628	642	15626.62162162167
702	1721	1740	630	650	27439.71084337357
703	646	656	633	640	3877.5876288659492
705	703	707	635	639	2406.2683438154927
706	937	942	635	640	2159.6485148515017
707	1802	1817	637	646	6483.691285081202
709	438	447	639	646	3868.9468354430555
711	255	268	640	649	8662.136876006436
718	799	815	646	658	8062.809595202369
719	842	852	647	660	5330.0
724	900	907	651	659	2756.2899906454522
729	1211	1234	652	673	53358.495454545475
731	2066	2070	654	657	2379.145723336839
733	1066	1079	656	670	12018.94014084503
738	209	225	664	676	11799.235294117669
739	976	979	664	668	1817.6138828633275
741	372	387	665	676	11833.904285714285
744	1849	1857	666	672	2473.1685185185074
745	824	830	667	674	3164.1515789473488
746	1636	1641	670	674	2024.1204943357534
747	1649	1653	671	674	2073.916483516472
748	646	652	673	676	2495.4405377456114
752	1196	1199	674	677	1727.564734895187
753	1719	1757	674	720	662822.609375
755	144	146	676	678	1760.9609756097598
756	512	525	676	689	10749.95642857141
757	698	713	676	687	8736.957081545108
759	1907	1912	676	680	2645.0655737704674
761	844	850	681	687	2310.502472799205
763	177	195	682	697	15402.282001299543
765	1958	1965	682	688	3122.5555555555575
766	979	1000	683	695	9943.960886571065
768	1813	1829	683	695	7705.686629526472
769	2133	2137	685	688	2699.4909478168083
770	1849	1864	686	701	12762.879076086996
773	1192	1216	687	722	94567.49320388344
774	209	215	688	691	2062.835534213687
777	244	248	689	693	2036.8879120879283
778	525	529	689	692	8601.195473251024
780	446	462	694	705	10827.646600566553
785	2275	2285	701	712	0.0
789	2202	2221	708	727	28983.428048780443
790	1006	1010	709	712	1488.8933333333352
791	1573	1628	709	745	189866.9781481484
793	2250	2263	710	721	272.66037735849113
794	2010	2015	712	716	2148.462301587304
796	1938	1940	713	716	2004.1175141243093
799	1495	1504	715	723	3092.794368600709
800	1661	1671	716	725	4954.657142857141
802	741	743	717	719	1318.5454545454395
805	625	629	724	728	1601.6058091286473
809	1020	1030	728	736	4467.540540540551
811	1938	1945	728	734	3529.0668473351234
812	368	384	729	740	11167.343661971805
813	91	93	731	733	43512.58579881659
815	496	501	732	737	2093.183694530444
816	1037	1043	734	740	4014.9268755935336
818	193	197	738	742	2650.086956521729
819	1742	1764	738	756	26118.214285714308
823	660	682	745	757	8797.833976833948
828	699	719	747	759	14908.567715458283
829	726	742	747	760	13634.423184357584
835	1635	1640	753	759	2487.41030534349
842	963	988	764	799	142647.10769230773
843	500	507	767	776	3315.116047144155
846	565	578	771	780	5953.564678543733
848	104	115	772	779	4617.257983193258
851	801	810	773	780	4532.942028985512
852	336	342	774	778	2235.2615694164915
853	1947	1968	775	800	29947.577777777704
854	734	749	776	788	12016.577229876693
855	2240	2246	776	780	800.6244204018494
856	2257	2266	777	785	0.0
860	1812	1815	780	783	1712.0246360582119
862	590	596	781	788	2727.6462585034187
863	894	916	784	809	74335.63736263738
865	631	634	786	789	1861.22222222223
867	436	454	790	805	33743.38441558437
869	2100	2108	792	800	4261.9275362319095
870	248	253	793	798	3004.3152507676705
872	1056	1067	793	804	6472.101669195725
873	2295	2297	793	797	0.0
874	929	935	794	800	2362.033849129579
875	1034	1037	794	796	1983.3002283105238
876	59	93	796	824	250878.44905660383
877	1257	1262	796	802	2672.242569511014
880	1911	1932	801	819	70772.91686746995
886	520	528	812	818	3073.2942206655134
887	1999	2019	812	834	82137.24883720936
888	2212	2226	814	826	11279.805755395682
892	1803	1818	818	835	17651.724999999973
894	577	586	820	827	3486.9880546074974
895	1237	1239	821	823	2015.4203592814374
898	1113	1120	824	830	3310.321561338306
900	955	959	826	830	1668.4519230769379
904	2288	2299	828	839	0.0
908	845	856	830	841	6164.258426966269
909	1650	1657	830	835	4355.557100297903
911	1940	1942	833	835	2095.135355892664
913	1141	1154	839	851	10796.795811518337
914	1484	1494	839	850	4376.900311526504
915	379	384	841	846	2652.472303206987
916	1852	1872	841	860	50904.582530120475
918	1643	1660	842	858	23219.140716612364
920	283	285	846	849	1578.167045454536
923	797	813	851	860	6652.774774774778
924	1121	1132	851	861	8669.19808306711
925	1449	1465	851	864	10692.27054794524
926	2098	2107	851	861	5779.895071542152
929	1516	1522	855	859	2162.8549172346793
930	1923	1938	856	873	25664.631578947396
931	696	704	857	863	2575.0408163265347
938	307	329	866	888	51335.69999999996
939	957	973	866	882	12555.363636363692
940	420	429	867	876	4518.968698517276
941	1607	1610	867	870	1702.883369330436
947	1817	1836	870	890	58202.7879518072
951	449	455	874	879	3243.1520692973872
952	626	641	876	887	9849.549234135631
953	1417	1421	876	880	1600.9334811530089
954	2152	2166	877	885	5593.673469387786
955	235	242	878	884	2925.229990800369
956	2019	2023	878	881	1688.753031973551
957	824	848	879	909	71233.32346938763
958	1494	1497	886	889	2061.2222222222426
960	1587	1593	890	896	2444.4904580152897
963	2244	2247	893	896	606.7948207171348
966	1884	1892	897	903	3469.8208409506387
968	2067	2080	898	911	16053.199999999983
970	1075	1092	900	919	44634.44201030924
972	89	99	902	910	6001.231907894743
975	2137	2140	902	905	1843.3939064200363
977	1749	1760	904	914	6606.649230769237
979	700	705	908	913	2664.662813102127
980	1459	1464	908	913	2083.5565565565776
985	1546	1549	912	915	1715.201075268827
986	56	70	913	926	14424.84154929574
987	1859	1872	913	923	11310.113857677898
988	1997	2006	914	919	2820.5949367088506
994	17	23	921	926	4001.47692307692
995	192	198	921	927	3449.9443920829262
996	825	827	921	923	2079.780487804884
998	942	944	924	926	1775.5667447306696
999	985	994	924	935	5666.029780564277
1001	123	127	929	934	2751.196519959046
1003	840	869	930	958	52350.36766169155
1008	405	417	935	945	5872.51871657757
1013	2236	2280	940	979	3343.9288668320955
1017	1561	1566	943	947	1883.0062240663865
1019	256	260	945	948	1915.625
1021	435	443	947	952	2963.689589302751
1029	455	464	958	966	4054.758620689657
1030	339	341	959	961	2018.1120283018936
1031	575	600	959	988	101837.78520408156
1032	1239	1248	962	973	6264.050117462838
1033	114	122	963	970	4611.676311030731
1038	497	500	965	968	1978.6435986159172
1040	1052	1059	969	977	3115.819762122611
1043	11	14	973	977	0.0
1045	909	911	975	977	1392.069686411135
1048	2113	2120	976	988	3633.0366056572125
1049	1112	1122	977	985	5539.684079601981
1051	819	838	978	997	32166.544891640857
1052	1448	1454	978	982	1889.8604651162914
1053	2245	2247	979	981	598.8838862559255
1063	782	792	986	995	5462.456874466265
1066	694	710	990	1002	9402.955369595555
1068	2222	2236	992	1004	5707.722222222255
1071	1228	1235	994	999	2378.5754716981237
1072	1677	1689	994	1004	5812.0538694992265
1073	1776	1791	994	1006	15764.78309859159
1074	1440	1449	995	1001	3166.393258426967
1077	252	257	999	1004	2431.3637274549255
1078	492	501	999	1005	4633.691729323296
1080	1260	1283	1001	1025	117130.19560439553
1085	208	216	1004	1010	3940.6642793195915
1086	341	347	1005	1012	2849.73234200745
1090	477	484	1006	1018	4136.3268892794395
1091	865	867	1006	1008	4512.34058759519
1099	2226	2236	1012	1021	4494.005633802819
1100	57	64	1013	1018	4172.6309751434
1101	421	426	1013	1017	2577.238584474899
1104	256	271	1017	1028	9207.451829723683
1106	1977	1980	1019	1023	1948.8055555555616
1107	521	530	1020	1029	4504.466776045933
1109	90	97	1021	1026	3333.8778550149095
1110	1543	1554	1021	1031	7244.396593673991
1116	415	467	1024	1070	635053.8591549299
1118	218	245	1027	1042	13064.915162454894
1119	546	549	1030	1032	1562.045714285698
1121	1446	1452	1030	1035	2053.099311701081
1122	1703	1709	1031	1037	2713.1971830986186
1125	884	895	1033	1042	4113.752627324199
1126	1058	1065	1033	1040	3394.5384615384537
1127	1569	1577	1033	1039	3185.8704566635406
1128	2053	2062	1034	1042	3313.683655536004
1129	373	375	1037	1039	1573.95961995251
1132	590	625	1038	1063	62526.71554252197
1134	105	118	1039	1048	7004.270312500031
1136	55	59	1041	1045	2780.1428571428737
1137	1485	1487	1041	1043	1310.9016393442566
1144	256	274	1048	1060	10509.82650936845
1145	1540	1546	1048	1054	2150.4811320754593
1153	1847	1855	1055	1063	3328.532934131738
1154	163	170	1057	1063	4446.061509785634
1155	378	384	1058	1061	2178.0391959799135
1157	318	328	1060	1070	6479.618933969792
1161	997	1002	1063	1067	2222.780120481948
1165	746	748	1065	1067	1486.463048498851
1171	1366	1376	1069	1077	3405.2918032786883
1174	1708	1718	1071	1078	4142.26380873867
1175	1094	1100	1072	1077	2471.8075772681846
1177	347	351	1073	1076	1864.3636363636265
1181	1842	1852	1076	1085	4165.961698584539
1182	1819	1829	1077	1084	3201.573604060931
1186	702	723	1080	1104	40962.75042158514
1187	188	200	1081	1087	5023.11064189189
1188	265	278	1081	1093	10176.840262582024
1189	220	228	1082	1087	3338.460973370046
1190	603	608	1082	1088	3387.6604938271366
1194	528	537	1083	1089	3145.465564738292
1205	1088	1092	1089	1093	2162.6764397905804
1207	1767	1777	1090	1098	4187.9021207177975
1209	1211	1223	1092	1101	6435.640624999983
1211	548	564	1093	1111	16424.23096774194
1214	31	38	1095	1102	4018.690257352947
1216	1612	1616	1095	1098	1537.7289220917723
1217	617	643	1096	1116	45360.24999999996
1218	963	966	1096	1099	2254.381256656022
1225	1802	1810	1103	1109	3511.8602941176214
1228	146	153	1105	1112	6851.36606291703
1229	1582	1585	1105	1108	1825.5608407079822
1234	844	848	1108	1110	2237.1849173553765
1235	2159	2176	1108	1129	11976.330275229368
1238	266	282	1113	1128	32337.25866666666
1240	104	120	1114	1128	26853.043243243275
1242	1279	1286	1115	1120	3728.978021978026
1248	658	666	1119	1127	2896.640144665471
1263	63	69	1128	1134	3796.8782862706867
1265	1159	1164	1129	1134	2742.9693486590004
1272	1588	1592	1134	1137	2325.618320610689
1275	696	701	1136	1141	2239.309803921555
1281	1791	1805	1139	1150	7093.558498896227
1292	1691	1698	1144	1150	2267.593220338983
1298	1244	1252	1147	1152	3338.1809090909196
1299	1414	1424	1147	1156	8053.596375617784
1301	718	726	1148	1155	3414.890845070411
1302	556	563	1149	1159	3994.2383419689068
1305	1399	1408	1150	1159	5795.500000000013
1306	1732	1753	1150	1171	43510.2575757576
1307	396	398	1151	1153	32753.159817351596
1313	377	401	1154	1177	147836.92857142873
1316	782	789	1157	1163	3258.152380952384
1318	1600	1607	1157	1164	3436.6652719665176
1321	1921	1962	1158	1189	63721.8275118586
1333	633	635	1163	1165	2098.8087557603553
1336	213	216	1165	1169	1916.9546925566501
1337	448	450	1165	1167	2028.2816281628375
1338	645	651	1165	1171	3492.0471698113242
1339	1170	1184	1165	1179	12611.108910891133
1355	1056	1070	1171	1184	13180.309859154979
1360	601	609	1172	1178	3211.2672566371925
1363	1591	1606	1174	1190	6909.146828225234
1367	1543	1553	1178	1187	4718.507704785077
1370	304	320	1179	1192	21163.30273972606
1371	1725	1739	1179	1188	6708.585794094204
1379	796	804	1184	1189	2850.2866242038144
1383	1862	1879	1187	1204	29059.848717948775
1386	1464	1476	1189	1195	3755.3943191311605
1394	1827	1838	1194	1206	8957.022388059706
1395	380	397	1196	1212	12627.479843953191
1397	717	725	1198	1203	2997.019855595692
1398	1443	1445	1199	1201	1210.9057471264387
1401	1967	1971	1200	1204	1921.0472689075436
1403	240	245	1202	1206	2731.427145708571
1406	2150	2162	1206	1226	19007.56050955419
1409	1564	1567	1208	1212	2142.0184615384755
1415	1331	1345	1213	1225	17616.385110952066
1416	1511	1519	1213	1221	3196.7612068965404
1418	425	438	1218	1230	7684.759124087571
1421	933	944	1220	1228	6724.453556485369
1422	906	920	1222	1235	11272.717114568557
1425	1342	1344	1224	1226	15429.222222222212
1426	1022	1025	1226	1229	1577.8424657534179
1428	1002	1010	1229	1233	2216.419354838703
1430	2150	2167	1230	1246	20989.96205962061
1435	985	987	1236	1238	1295.2841854934723
1436	1060	1067	1236	1242	2755.8614958448943
1438	2192	2220	1239	1267	115805.30449999994
1440	89	100	1240	1249	6615.313204508884
1443	50	65	1243	1255	10392.284074605413
1449	1422	1431	1246	1255	4097.337981952417
1450	1142	1150	1248	1255	3387.144888888901
1451	1634	1646	1248	1261	8830.644216691078
1454	27	35	1253	1260	4176.765094339645
1456	350	354	1255	1257	2092.0
1457	1677	1689	1255	1265	9383.709090909088
1458	1831	1837	1255	1262	3766.789848619783
1459	140	143	1257	1261	2539.7731376974984
1462	1496	1510	1258	1273	14036.88865979377
1463	1751	1770	1258	1276	35256.574074074044
1464	679	689	1259	1269	6415.4417862839
1465	108	131	1262	1282	74014.31666666674
1466	399	407	1262	1272	3914.6400000000026
1467	896	905	1264	1270	3376.8323249784116
1473	2044	2059	1267	1278	9788.44840116278
1474	1562	1564	1269	1272	1461.2735229759264
1476	1627	1632	1271	1274	2477.8505869797464
1477	1710	1715	1272	1276	2491.1914893617068
1478	2109	2112	1272	1276	1920.0869565217426
1482	2077	2084	1274	1282	3333.7269503546086
1487	761	791	1280	1304	175445.04642857128
1488	2132	2140	1282	1289	3263.0954954954905
1489	1785	1792	1283	1289	2766.5212569315977
1490	1091	1094	1286	1289	1618.1463414634009
1491	1536	1544	1286	1293	3280.2834645669263
1494	503	507	1287	1289	2714.7296137339017
1495	1015	1024	1287	1296	5055.714520098458
1496	1149	1153	1287	1290	2010.1061093247408
1497	2052	2061	1287	1295	8675.750452079552
1498	2155	2162	1287	1292	2834.0478011472433
1499	329	340	1291	1299	4295.794384805977
1501	700	714	1292	1304	12894.551226551202
1502	1839	1844	1293	1298	2271.9633204633246
1503	728	732	1296	1300	1694.4101057579342
1505	67	101	1298	1350	130961.353846154
1506	1656	1666	1298	1307	6251.723590150887
1509	2077	2104	1300	1322	29583.294478527685
1511	1044	1046	1302	1304	2487.7941834451676
1513	1041	1045	1304	1310	2621.2068965517187
1515	584	592	1305	1312	3296.415398388571
1516	1092	1099	1305	1311	3803.9693593314755
1517	2113	2124	1305	1320	7783.039877300579
1519	1058	1060	1306	1309	1861.3846153846216
1523	210	216	1307	1312	2500.83088954055
1524	2052	2055	1307	1310	8456.762605042013
1528	854	856	1312	1314	1735.2599118942708
1529	34	54	1313	1333	30259.539606908875
1531	158	175	1314	1329	31989.27368421056
1532	299	316	1314	1333	18779.575159235643
1534	1194	1205	1314	1324	6664.518118735546
1535	379	390	1316	1325	4920.205673758886
1537	418	427	1323	1330	4105.758865248207
1538	707	715	1323	1330	3791.654817586526
1539	1657	1667	1323	1334	9506.050965250946
1541	435	442	1325	1330	3669.8390243902345
1542	1078	1084	1325	1331	2631.508102955182
1543	1446	1457	1325	1342	10089.11971830988
1545	1160	1176	1326	1340	25947.308108108104
1550	227	233	1329	1335	3468.0790960452214
1552	845	852	1335	1342	3105.3545369504227
1554	693	704	1338	1349	5822.225218080852
1555	985	1004	1338	1352	17674.763636363656
1557	280	289	1340	1350	4508.191722972953
1558	2088	2097	1340	1347	3573.373297002703
1559	310	316	1343	1348	2918.676409185783
1560	118	134	1345	1359	13054.854915254233
1561	1671	1677	1345	1350	2887.007007006996
1563	1734	1748	1347	1360	11360.496473906871
1564	1803	1808	1347	1352	2439.604026845649
1565	333	339	1349	1356	2925.999999999992
1566	364	387	1349	1374	46172.10870770935
1568	1522	1530	1350	1358	4066.233390119275
1569	158	164	1351	1354	2515.8371584699535
1570	451	455	1351	1355	2334.1386554621695
1573	854	865	1353	1361	4829.479406919294
1574	2064	2078	1353	1367	17692.691022964522
1577	1877	1883	1362	1367	2251.9287863590707
1579	692	708	1363	1377	17673.697297297258
1582	265	278	1365	1377	5918.485393258464
1583	1571	1579	1366	1372	3198.062218214608
1585	12	15	1372	1376	0.0
1587	1362	1370	1376	1384	4164.936560934908
1591	449	453	1377	1381	1856.4520547945403
1600	410	414	1383	1388	3087.9854014598386
1602	220	223	1386	1389	1984.1993281074838
1603	1597	1604	1386	1393	3131.447275922651
1604	1668	1677	1388	1396	4753.205342237079
1606	862	865	1390	1392	1628.397740112985
1608	1893	1896	1390	1394	1897.0484913792975
1609	166	178	1391	1403	10656.359351988249
1614	1205	1209	1394	1397	1816.5418502202474
1615	1963	1966	1394	1397	1817.3303769401373
1620	2105	2114	1398	1406	4646.440497335718
1622	282	289	1400	1407	3390.141304347839
1623	1178	1190	1400	1408	5744.791200000001
1625	1098	1101	1402	1405	1891.7295173961902
1627	941	946	1403	1407	1579.3829113924048
1628	215	222	1404	1412	3496.172413793098
1632	97	100	1407	1409	3057.728832951929
1633	1624	1631	1408	1414	2702.6873889875524
1634	1662	1664	1409	1411	1575.1448931116315
1635	1713	1730	1409	1431	31990.096385542096
1640	1912	1940	1412	1436	185685.14166666672
1645	1691	1698	1415	1422	3482.5654496883362
1647	1948	1974	1417	1441	117147.06436170203
1649	1542	1559	1418	1428	8748.812985179946
1650	929	936	1420	1426	2674.9944444444377
1652	197	207	1421	1429	4425.164075993071
1657	560	568	1424	1431	4291.439024390216
1659	685	693	1425	1431	2919.767741935482
1660	1268	1271	1427	1429	1379.3859020310647
1661	1891	1900	1429	1439	6531.970636215348
1662	2170	2179	1430	1438	3472.739168110911
1663	857	863	1431	1437	2531.248134328359
1664	491	502	1434	1446	7205.574730354339
1665	827	832	1434	1440	2135.944223107552
1666	1066	1077	1434	1442	6441.796132151495
1668	626	628	1436	1438	1957.2307692307822
1669	1591	1598	1436	1442	2896.974568574038
1670	2092	2105	1437	1449	7337.134741442107
1672	286	297	1439	1450	7923.988950276211
1673	770	778	1439	1446	2465.182795698909
1676	1441	1450	1440	1446	3870.3371179039086
1677	804	812	1442	1450	3881.6802030457043
1680	517	527	1444	1452	4216.035117056834
1682	1933	1939	1445	1451	4180.990011098802
1683	59	76	1446	1467	30775.610128126948
1688	446	456	1451	1460	4192.803439803427
1693	25	27	1454	1456	2893.568493150675
1697	1378	1386	1456	1462	3145.900369003699
1698	1505	1510	1456	1461	2156.0888888888912
1703	2044	2055	1460	1466	3756.3836698858668
1704	1108	1111	1461	1464	1982.3758389261548
1705	1841	1843	1461	1464	1746.6956521739048
1708	482	484	1465	1467	1457.6641975308794
1709	769	790	1465	1486	53320.341107871696
1711	1054	1061	1468	1474	2829.62068965517
1712	707	715	1469	1478	4518.290863369661
1713	1087	1095	1469	1474	2667.986615678792
1714	1880	1889	1469	1476	4894.757297748147
1717	1398	1404	1473	1478	2338.054435483853
1718	454	472	1475	1490	27900.8428571428
1719	1983	1994	1475	1484	9042.71149335422
1720	347	349	1476	1479	1996.4827586206811
1723	592	598	1478	1483	2714.56243949662
1724	882	893	1478	1487	6605.171243941804
1726	1978	1981	1480	1483	7335.359081419643
1729	1081	1092	1484	1494	7900.960876369339
1733	1789	1793	1490	1494	1552.3720930232403
1734	614	622	1492	1496	3028.3699421965575
1736	87	119	1494	1523	403825.30952380947
1738	679	697	1494	1514	38049.13719512201
1745	64	81	1507	1518	14517.501204819248
1746	1602	1625	1507	1520	19808.44874999998
1750	1247	1261	1510	1522	5987.326687116592
1751	1682	1696	1510	1523	13948.652112676047
1752	1787	1815	1510	1537	385918.30454545456
1753	46	59	1511	1526	12631.362694300486
1756	710	719	1514	1525	4679.247219846038
1757	543	552	1515	1521	2808.4631111110957
1759	2155	2162	1516	1522	3719.5887487875752
1760	1377	1390	1517	1528	8179.438235294107
1762	1218	1235	1518	1536	17101.663892445613
1763	348	364	1519	1537	22831.878205128163
1764	427	439	1520	1531	8111.882572924485
1766	899	901	1522	1525	1671.8605769230794
1767	1274	1280	1522	1528	2212.4224924011996
1772	2085	2096	1526	1535	5686.367961934988
1774	914	918	1527	1529	1755.2110091743234
1777	304	309	1529	1532	2083.8882978723386
1778	2161	2168	1531	1539	4817.720353982325
1779	1023	1039	1533	1553	31954.923466160624
1780	1588	1590	1534	1536	1355.6528555430996
1781	1080	1088	1535	1541	3486.7242582897243
1783	2028	2031	1535	1538	3496.824281150181
1784	527	536	1536	1543	3128.100000000011
1785	2022	2029	1537	1544	4243.198198198223
1786	1488	1502	1538	1550	17167.735714285733
1788	798	804	1539	1546	3835.6350710900642
1789	2243	2253	1539	1549	1216.2976190476238
1790	553	556	1541	1544	2767.8336798336913
1793	1258	1276	1543	1558	38079.679220779275
1797	1129	1132	1545	1548	1824.9611542730468
1799	235	247	1547	1559	7117.985074626885
1800	1215	1221	1548	1553	2079.7947368420932
1801	1676	1678	1548	1550	1555.8893905191944
1802	384	395	1550	1558	4435.595469255655
1807	995	1012	1555	1574	23575.416349809908
1808	9	28	1556	1565	0.0
1810	2230	2234	1556	1559	1793.00510204081
1814	622	627	1560	1563	1976.5241675617553
1818	931	937	1563	1572	3110.2190560997115
1821	1059	1071	1565	1576	6510.100000000021
1822	1858	1878	1566	1584	83331.9902439025
1824	1938	1945	1567	1575	3423.0295652173663
1826	2107	2113	1570	1575	2489.4191555097786
1828	1348	1367	1572	1586	7574.358885017474
1829	1514	1528	1572	1581	6163.175018698583
1831	1110	1116	1573	1579	2573.0558659217904
1832	1704	1720	1573	1589	16929.95592105259
1833	1806	1818	1573	1588	12260.021126760606
1834	2220	2226	1574	1580	3049.322017458773
1835	449	453	1576	1580	2242.633572159666
1836	1175	1210	1576	1615	237721.8033898304
1837	1768	1779	1576	1583	5372.807754442676
1838	539	553	1577	1589	14357.061224489777
1840	98	103	1579	1584	2969.6883248731174
1841	671	687	1579	1593	16608.169594594547
1842	568	571	1582	1584	2077.7593085106223
1844	1326	1339	1585	1594	5714.15841584155
1845	1385	1390	1585	1589	1674.7556756756644
1847	2017	2023	1586	1592	2408.1754032258204
1859	535	572	1595	1627	540219.9548672568
1860	1075	1078	1595	1599	2614.6184909670674
1862	567	569	1598	1600	149361.43771043772
1864	1430	1441	1600	1607	3657.6733167082557
1865	200	206	1601	1606	3852.0826771653574
1866	1552	1561	1601	1608	4506.55100334449
1868	642	644	1602	1605	1986.662004661992
1869	1738	1750	1602	1611	6552.845303867404
1872	1634	1638	1607	1610	1427.0731707317009
1873	656	675	1608	1630	21644.634864546497
1878	820	828	1611	1617	3173.8880000000063
1879	1990	1993	1611	1614	1586.990120746429
1881	394	407	1612	1622	8601.217194570097
1882	69	72	1613	1616	2842.769403824539
1883	1599	1612	1613	1628	12441.475991649311
1884	1722	1727	1614	1619	2101.1244769874293
1886	1807	1809	1616	1620	1431.3798185941118
1890	348	352	1620	1624	1606.5026737967928
1891	1621	1624	1621	1625	3119.002242152469
1893	922	944	1623	1640	14123.701627486487
1894	1948	1953	1623	1626	1693.1738241308885
1895	1740	1761	1624	1643	78478.6
1900	537	558	1629	1653	47462.33599508604
1905	886	893	1634	1640	2591.27106227107
1909	680	684	1636	1639	3877.1266747868663
1910	1418	1440	1636	1657	51450.356321839005
1912	595	604	1638	1645	3107.050666666648
1913	216	226	1639	1648	5597.511609287407
1916	1880	1890	1639	1648	6075.761526232111
1919	429	436	1644	1651	3113.1731123388527
1920	769	775	1644	1649	2619.619554695073
1921	288	307	1647	1666	22945.69512195121
1923	684	700	1648	1660	14739.277275885988
1926	804	810	1651	1655	2464.025886864802
1930	1505	1521	1654	1669	17923.98729096991
1934	916	924	1658	1665	3410.631304347804
1935	1420	1424	1658	1661	26060.375
1940	964	987	1661	1684	134314.42666666658
1947	1908	1915	1665	1671	2773.3028890959786
1949	1640	1642	1667	1669	2343.1684210526364
1951	1138	1143	1668	1674	2187.6907829533975
1952	1950	1963	1669	1683	16814.32746478871
1956	345	351	1677	1682	2911.1962616822475
1957	613	625	1678	1689	10241.150746268684
1958	834	840	1679	1685	2638.48279069769
1959	2083	2095	1679	1693	11573.276626161532
1960	452	462	1680	1689	6747.073836276071
1966	2208	2230	1683	1701	18434.880357142814
1968	1474	1480	1684	1690	2421.1948176583332
1969	1737	1744	1684	1691	3584.710411198609
1970	264	271	1687	1693	2631.1563937442697
1975	1699	1701	1695	1698	1570.4686098654765
1976	1985	1994	1695	1705	5160.453225806423
1977	1668	1670	1696	1698	1769.9324324324134
1979	472	477	1697	1700	2281.9571275455637
1980	721	725	1697	1700	1805.4357798165233
1981	738	748	1698	1705	4428.908136482938
1982	1634	1640	1698	1702	2714.400398406394
1985	1010	1013	1702	1704	1567.249126891753
1992	773	775	1707	1709	1672.1928571428552
1995	2019	2025	1707	1711	2114.75
1996	1860	1866	1708	1711	2613.5496342737524
1997	972	990	1709	1728	38354.63703703706
1998	437	454	1710	1721	11372.651779483576
1999	1461	1473	1711	1721	6788.5181818181845
2002	1841	1850	1714	1721	4264.869109947649
2006	1349	1356	1717	1722	2338.9781576448404
2007	1516	1532	1717	1730	19703.78493150683
2009	1880	1882	1718	1720	1405.5641025641107
2011	151	161	1719	1727	5302.626556016616
2015	1398	1414	1721	1736	24219.273333333338
2016	1783	1796	1721	1730	7364.229595728468
2017	229	237	1722	1729	3721.4238178634027
2018	842	852	1722	1731	4176.370767960372
2019	275	278	1723	1726	1795.2283205268823
2021	1190	1199	1723	1732	5731.239709443112
2023	541	553	1726	1736	8635.748484848471
2026	450	454	1732	1736	2285.4284128745685
2038	1696	1710	1742	1755	10995.136619718322
2039	1868	1878	1743	1753	7771.964843750013
2043	375	386	1750	1759	5582.635367762123
2047	1533	1535	1754	1756	1657.5808249721376
2050	1085	1096	1756	1766	8470.922839506202
2052	1202	1215	1757	1766	4985.938694267508
2053	302	305	1758	1760	2396.8899676375186
2054	901	915	1759	1770	6436.88798820928
2055	1484	1498	1759	1769	6758.9700374531385
2056	1232	1238	1760	1766	2612.8505408062756
2058	706	711	1761	1766	2128.9697297297416
2059	1980	1986	1761	1767	3175.811444652918
2060	127	139	1762	1773	15513.221722846458
2062	733	741	1762	1770	3718.6435643564255
2064	332	336	1764	1767	4093.2693110646997
2066	2031	2034	1765	1768	1735.94350282487
2067	932	935	1766	1769	2024.8936170212655
2070	683	692	1769	1777	4416.389888603277
2072	411	427	1770	1785	31047.56799999996
2076	1871	1875	1774	1777	1895.5176470588194
2077	167	179	1777	1787	8270.756756756768
2078	201	218	1777	1790	14032.010810810763
2079	1220	1228	1777	1786	4468.669421487577
2082	1378	1395	1778	1795	17882.943589743536
2084	851	854	1779	1783	1977.8079748163818
2085	719	727	1780	1787	4294.80961015412
2086	921	972	1780	1825	260228.2999999997
2088	1693	1699	1781	1785	2833.6252505009993
2090	609	615	1783	1790	2676.011152416382
2092	1971	1975	1784	1787	1695.3962678375556
2095	1590	1595	1786	1791	2229.527217741947
2097	1178	1193	1787	1799	8356.707627118662
2100	1605	1609	1789	1791	1959.405405405394
2102	2215	2228	1789	1802	8328.378358750866
2103	2243	2257	1789	1800	1107.8925233644768
2108	1810	1813	1793	1795	1353.6933797909383
2110	636	649	1794	1808	12092.256338028128
2117	81	86	1803	1807	3838.6566701137363
2118	1885	1899	1803	1817	20144.865880618985
2119	1014	1021	1804	1810	2856.4919210053877
2120	1576	1583	1804	1813	2969.757819481683
2122	125	127	1806	1808	1756.8973162193847
2124	1734	1739	1807	1811	4157.211111111119
2126	1240	1243	1808	1810	1345.5558112773442
2128	1334	1342	1810	1816	3735.9381818181864
2130	1938	1940	1811	1814	1870.7875288683426
2133	1758	1798	1813	1838	147689.3316513762
2137	1128	1135	1817	1824	2657.583850931692
2138	1187	1190	1817	1820	2506.043944265813
2143	1910	1919	1820	1831	10180.620508326057
2144	2113	2132	1821	1846	27068.616259238155
2146	2198	2206	1822	1829	3548.7506726457514
2151	491	499	1825	1832	3105.8638454462066
2154	6	21	1827	1841	0.0
2155	460	478	1827	1843	35595.66923076929
2157	1963	1969	1828	1833	2530.8865979381335
2160	1012	1021	1832	1840	3696.756688963211
2161	1248	1252	1832	1837	2282.8764160659225
2165	1602	1609	1838	1844	2294.708728652755
2172	1658	1663	1845	1849	2905.7573964496987
2174	2185	2192	1845	1851	3637.4319999999834
2175	855	863	1846	1853	3255.43209876545
2177	1986	1993	1848	1855	3321.4673231870893
2179	1655	1657	1849	1852	2441.6965811965783
2180	683	686	1850	1853	1385.846238938068
2182	214	221	1852	1858	2797.6522593320406
2183	1905	1915	1852	1869	7773.8181818182165
2184	1631	1635	1853	1856	2132.2698072805324
2186	812	828	1855	1867	18650.686111111154
2190	1965	1969	1858	1861	2329.127725856696
2191	780	787	1859	1864	2405.550751879712
2196	1804	1814	1860	1868	4160.780487804877
2197	1018	1028	1861	1870	4863.558917197432
2199	401	410	1862	1875	6141.773899848284
2204	1517	1544	1866	1892	121550.0463917525
2206	2049	2056	1868	1876	3466.297872340445
2209	205	224	1871	1888	22075.57716436643
2210	1429	1433	1873	1877	1898.801980198008
2213	1112	1126	1876	1887	13770.66521739128
2214	1212	1224	1876	1886	8237.446661550264
2216	1247	1249	1878	1880	1465.7759999999848
2218	2190	2192	1878	1880	2184.99237611183
2219	1479	1484	1879	1887	2370.19259259259
2220	1607	1613	1879	1886	3103.1374321880576
2223	563	569	1882	1887	2334.536259541981
2224	702	705	1883	1886	1565.644839067696
2225	1444	1448	1884	1888	2583.5467775468014
2226	1940	1943	1884	1886	1867.5084175084198
2230	75	85	1888	1896	5808.493333333332
2234	2260	2263	1896	1899	0.0
2237	1975	1980	1901	1907	2535.5890410958773
2239	1026	1045	1903	1923	31477.689156626526
2244	78	82	1908	1910	3000.8880090497655
2247	242	251	1909	1918	4669.408284023684
2249	2169	2182	1909	1940	17246.676825761882
2250	1503	1517	1910	1922	16116.077380952385
2251	1775	1779	1910	1915	2171.137137137125
2253	1585	1598	1911	1920	8334.439551641277
2256	1687	1694	1912	1917	2274.595463138009
2257	1891	1895	1914	1918	1951.4912998976638
2258	182	191	1915	1925	7285.753577106497
2261	2219	2225	1915	1921	3079.0168483647303
2262	463	473	1916	1925	4920.432653061238
2263	964	971	1916	1922	2623.8071955719624
2265	1686	1688	1916	1918	1799.7208008898815
2270	560	567	1920	1930	3636.0473372781225
2272	1631	1633	1921	1923	1255.5328638497685
2273	915	917	1923	1925	2270.4222474460794
2276	2089	2114	1925	1949	60606.408602150565
2278	536	544	1929	1936	3111.7681415929364
2281	483	490	1933	1939	2618.766732283469
2285	623	630	1935	1942	2710.342727272734
2287	1666	1675	1936	1945	4754.375921375942
2289	877	893	1937	1949	7991.200833912412
2291	518	522	1938	1942	1788.4823151125338
2292	1540	1547	1938	1945	3788.146046511633
2296	603	607	1940	1942	2204.4411134903694
2297	806	814	1943	1950	3189.2015638575067
2298	1504	1512	1943	1951	3251.29668411867
2299	1604	1609	1943	1947	1834.8410732714256
2301	1565	1569	1946	1949	1837.1204013378074
2307	1007	1009	1953	1955	1394.2386363636342
2310	1817	1835	1954	1971	33091.578125
2311	1343	1352	1956	1964	4096.979075850027
2312	1950	1954	1956	1959	2194.0543130990377
2315	1866	1884	1958	1980	27807.013157894697
2316	1541	1550	1960	1968	4016.8855218855388
2322	1243	1256	1964	1979	14671.747916666647
2324	1745	1751	1965	1970	2776.8790170132306
2326	1948	1950	1966	1969	2316.9766627771387
2329	970	977	1968	1978	2950.4162854528986
2330	2061	2079	1968	1988	32013.224390243908
2331	627	638	1969	1978	5039.976019184662
2334	362	372	1972	1983	5912.524324324346
2335	749	756	1973	1980	2811.1481481481314
2338	949	958	1974	1980	3600.047842401527
2339	1017	1025	1974	1980	3406.5927601809785
2340	1659	1684	1975	1998	56446.05946535732
2342	872	892	1976	1992	48397.54437500003
2344	1839	1853	1977	1993	23323.093484419227
2346	1632	1638	1979	1982	1936.1833498513406
2349	1024	1027	1980	1983	2727.920251836291
2351	157	165	1981	1988	4500.734109221132
2354	303	311	1982	1994	4119.941772151906
2359	1468	1476	1986	1993	3787.1900282219935
2360	2044	2046	1986	1988	1681.4285714285616
2365	1485	1492	1991	1998	3321.9854545454336
2366	2016	2019	1991	1993	2634.591859185901
2368	510	525	1994	2006	11774.729577464834
2369	928	936	1995	2004	3812.0079716563505
2370	1262	1270	1995	2001	3079.354809437394
2374	946	954	1997	2005	5458.502254283152
2375	1611	1627	1999	2012	19881.30440967282
2377	337	348	2001	2011	9884.848732624663
2378	563	578	2001	2015	11081.264137931048
2381	1912	1922	2002	2009	4622.868529170086
2383	598	602	2003	2005	1958.471491228077
2384	1833	1839	2003	2007	2676.0588235294163
2389	1231	1240	2009	2014	3175.134492223252
2390	301	304	2010	2012	3012.963923337107
2395	353	364	2015	2030	13737.652173913037
2396	1824	1855	2015	2044	109786.13846153859
2399	1663	1666	2016	2019	1851.4091903719964
2401	663	670	2017	2022	2335.0404515522255
2404	2268	2283	2018	2030	0.0
2405	1061	1067	2019	2025	2660.770506912464
2406	2075	2084	2019	2027	4345.930000000015
2408	2298	2299	2021	2023	0.0
2411	125	129	2023	2025	2386.4615384615536
2413	1125	1139	2023	2038	14813.57739726027
2415	814	824	2025	2034	3453.408637873734
2416	1472	1478	2026	2033	2433.250453720525
2419	99	107	2033	2041	5146.292682926856
2421	887	898	2035	2046	12227.50407166122
2423	1711	1715	2035	2039	2258.434959349593
2426	703	714	2038	2048	5154.101393188872
2427	402	407	2039	2042	2172.384775808142
2431	1989	2011	2040	2061	51864.57413793107
2434	1081	1084	2042	2045	2109.7136797454923
2435	1061	1064	2044	2047	1730.7574094401953
2438	158	168	2046	2057	7561.619984264382
2446	315	318	2050	2053	2609.736216216225
2448	2101	2110	2051	2059	3858.4168096055027
2450	1391	1393	2052	2055	1788.4523007856187
2451	866	878	2053	2059	4179.472996515696
2453	1858	1871	2055	2066	6732.807339449562
2455	1183	1187	2057	2062	1914.103688933203
2456	806	814	2058	2066	4303.6923076922885
2460	790	797	2061	2069	3263.481586402275
2466	479	492	2064	2076	11646.862222222248
2471	2212	2221	2067	2075	5168.718309859172
2477	2029	2053	2070	2088	57219.41744186047
2478	27	34	2071	2077	4475.885496183182
2479	269	272	2071	2075	2669.390804597725
2480	723	729	2072	2079	2560.4440263405413
2482	1400	1405	2073	2077	1753.680319680302
2489	1491	1512	2080	2101	65122.40930232557
2491	1940	1948	2080	2092	5726.955964771823
2494	1997	2001	2082	2086	2087.43181818183
2495	449	458	2083	2090	3457.483233018041
2497	1603	1615	2084	2094	6491.541501976306
2500	384	391	2087	2091	2225.2404692082055
2501	1123	1129	2087	2092	2111.641000962476
2503	1218	1227	2088	2095	3879.0513937282067
2504	110	115	2089	2093	2750.1389452332864
2507	281	291	2093	2101	6134.17518248174
2508	155	158	2095	2097	2284.596175478066
2511	1634	1644	2098	2107	6830.152721364769
2512	1100	1108	2099	2105	3334.117752007138
2513	1765	1776	2100	2111	7815.202733485205
2515	2136	2140	2104	2108	2421.525959367938
2516	939	943	2106	2111	2061.327868852457
2517	1731	1734	2106	2108	1355.0068259385766
2520	974	976	2108	2110	1481.2607184240997
2523	1062	1080	2110	2126	36004.6156558533
2528	1193	1197	2114	2117	1771.9362850972088
2533	2216	2228	2118	2126	6291.54163298303
2537	1269	1285	2120	2134	19298.390977443596
2538	1741	1747	2121	2126	2407.1019417475823
2539	2070	2079	2121	2131	4822.15632754344
2540	200	216	2123	2135	15263.132267441884
2542	871	878	2124	2130	3081.600000000015
2546	1052	1079	2128	2150	56686.439560439576
2547	1507	1527	2129	2154	30882.816534541278
2551	465	473	2132	2139	3888.027384324822
2553	1871	1875	2135	2138	1877.667034178622
2554	2224	2234	2137	2143	4127.875739644978
2556	522	530	2138	2145	3355.5071301247585
2557	2247	2255	2139	2145	413.3960612691444
2558	446	456	2141	2151	5160.855411954796
2561	2065	2068	2142	2145	2049.9480840543897
2562	156	160	2146	2149	2286.129032258079
2569	1383	1391	2154	2160	2756.481818181842
2570	660	662	2155	2158	1532.4429065743802
2571	1535	1543	2155	2162	3575.349862258942
2575	1099	1102	2160	2163	1921.9467849223956
2576	1372	1375	2160	2163	1650.3943044906964
2580	1203	1207	2169	2173	1837.0721649484676
2582	2211	2268	2169	2220	104648.24739712436
2583	157	172	2170	2183	12242.807505211968
2585	2260	2262	2171	2173	0.0
2586	17	22	2172	2179	4620.6660305343485
2588	2277	2299	2173	2194	0.0
2589	961	963	2174	2176	1606.7272727272612
2593	1852	1856	2177	2182	1776.380368098171
2594	1262	1274	2178	2186	5298.3827751196
2598	1251	1255	2181	2184	2354.4149512459467
2603	1774	1784	2187	2197	8222.76171875003
2607	1768	1772	2189	2192	7041.273556231008
2608	1140	1169	2190	2219	359012.6666666667
2610	1027	1038	2191	2199	4501.28297362111
2611	1341	1345	2191	2193	1955.034949267183
2616	1816	1823	2199	2206	3158.6091549295616
2620	1222	1236	2204	2217	12793.50390902633
2621	2095	2099	2205	2209	2206.7731529656667
2622	93	107	2207	2218	10499.616835994213
2623	648	656	2207	2213	3365.990740740749
2625	522	567	2209	2240	436556.5099999999
2626	2133	2141	2209	2216	4430.508620689661
2627	223	227	2211	2214	2900.7777777777956
2630	551	553	2212	2214	64252.43764172337
2632	203	214	2214	2224	7077.216783216802
2633	1107	1110	2215	2219	1785.9651898734069
2636	2239	2241	2217	2219	12820.319796954305
2639	960	972	2221	2231	4381.688854489149
2643	1032	1048	2222	2237	23597.514666666666
2647	1731	1767	2226	2255	129455.0825688073
2648	650	683	2227	2264	202368.63333333324
2650	994	1007	2235	2247	7497.023238925238
2651	2221	2234	2235	2246	7557.932907348266
2653	1714	1717	2236	2239	1962.9976798143898
2655	461	472	2238	2246	4552.96000000001
2656	1484	1492	2238	2242	2057.750479846429
2660	1682	1687	2240	2244	2119.626430801257
2661	702	706	2242	2249	3634.042635658933
2663	73	87	2243	2260	12532.56308724828
2665	1516	1531	2243	2256	12289.046820405307
2669	1430	1432	2245	2247	1781.9765100671066
2671	2284	2294	2245	2256	0.0
2672	262	281	2246	2267	19670.068181818235
2673	1564	1576	2246	2256	5619.134044173662
2675	239	248	2248	2257	4582.753698868604
2676	1514	1516	2249	2251	8558.32853982303
2679	1258	1265	2251	2256	2764.803720930221
2681	1932	1944	2253	2264	11120.446268656731
2683	2261	2267	2254	2260	0.0
2685	511	515	2258	2261	2136.608167770438
2686	2140	2155	2258	2272	13186.155799588145
2687	524	530	2259	2265	3041.263461538457
2696	731	750	2263	2280	32321.52187499998
2697	2189	2202	2263	2278	15221.999999999975
2698	1993	1998	2264	2271	2790.074211502803
2710	934	939	2272	2279	4371.87890625
2711	2211	2221	2272	2282	9369.553556827472
2714	1433	1436	2274	2278	1362.852678571443
2717	550	565	2278	2288	8910.154411764723
2719	171	182	2280	2290	6407.5271255060925
2727	689	694	2287	2291	2474.1617954070744
2734	519	527	2291	2299	3325.7211449676975
2735	585	595	2291	2300	5509.0023866348365
2736	705	710	2291	2296	2320.4297352342182
2738	2041	2045	2293	2297	2077.818181818183
2739	296	304	2295	2301	3653.9935483870922
2741	1084	1086	2298	2300	1766.7277051129713
2743	143	155	2301	2311	6520.728538283047
2745	492	505	2303	2314	9581.978994748684
2748	1030	1036	2305	2311	4944.849112426009
2749	1989	2000	2307	2317	7099.423938223968
2751	1015	1024	2308	2315	4626.245266005432
2753	400	408	2309	2313	2411.6695652174094
2754	512	519	2310	2316	4356.185700099304
2756	440	455	2312	2325	15924.988888888838
2759	909	920	2314	2323	5284.847417840383
2760	1541	1552	2314	2322	3722.619741100326
2761	304	316	2315	2328	6566.2462462462645
2762	369	375	2315	2323	3539.8626760563247
2763	1465	1471	2316	2322	2108.545454545436
2766	1958	1970	2317	2327	4823.9107282693585
2768	697	708	2320	2328	4980.236044657113
2769	235	238	2322	2325	16435.358974358995
2770	335	339	2324	2326	1528.9309576837404
2775	1867	1873	2332	2338	2471.618784530403
2777	1774	1779	2333	2337	1877.374220374215
2778	1837	1841	2333	2337	1846.879753340193
2783	159	164	2339	2343	181263.51665243407
2785	1721	1729	2340	2346	329195.18643690064
2786	1756	1762	2340	2346	180495.74624624607
2787	627	630	2341	2344	4693859.91099857
2788	860	867	2344	2349	2993215.5850617248
2791	306	312	2346	2351	191691.11969930143
2799	1196	1206	2352	2363	1965445.0813506343
2800	2224	2234	2352	2360	115877.10847628667
2803	2037	2040	2355	2358	178536.20091601514
2806	1781	1785	2356	2360	234089.45544653095
2807	2032	2035	2357	2359	331168.0890914589
2808	1989	1996	2358	2365	13663457.649598645
2815	1797	1807	2361	2372	268820.94343065645
2816	576	583	2362	2370	200551.32819898808
2820	17	24	2366	2372	228431.59110498326
2822	247	275	2369	2401	1475278.9456892712
2825	301	330	2371	2400	360869.6430423717
2833	798	809	2380	2391	409401.0487168116
2834	775	779	2381	2385	1349194.771501732
2836	637	643	2382	2388	38846996.683695234
2837	700	711	2382	2392	428192.5435146651
2839	676	685	2383	2389	444442.86564652226
2846	2044	2061	2389	2398	280430.6939770408
2855	1902	1912	2395	2403	213525.71874671956
2856	353	362	2396	2403	287118.59568356315
2867	612	618	2400	2407	403451.93730115663
2869	2101	2105	2401	2406	468774.06850240286
2873	399	410	2405	2418	713066.5086573949
2874	431	452	2405	2419	8232559.7078778725
2882	1800	1811	2408	2416	247419.97875013103
2884	2195	2203	2412	2419	363860.3061895895
2889	1975	1995	2414	2437	13148085.812672175
2895	490	514	2420	2436	834626.8938610713
2899	1722	1726	2425	2429	296515.4522184303
2903	1168	1176	2432	2440	2488881.3944348902
2906	323	337	2433	2445	261100.070485497
2909	1428	1443	2435	2450	1689653.2963531096
2910	1612	1615	2438	2440	298304.59750842245
2911	1719	1727	2438	2445	330513.4495455731
2912	2253	2265	2438	2447	0.0
2913	297	307	2439	2449	149940.37239466378
2917	968	993	2441	2468	485346.6522166211
2918	1255	1259	2441	2444	6296152.909090909
2919	1896	1912	2441	2463	244401.56024550518
2920	2054	2061	2441	2445	222662.9195886671
2921	571	580	2442	2449	214079.54222387017
2923	1595	1602	2442	2450	444559.2448018829
2927	1384	1387	2444	2446	2858720.5049536387
2928	1501	1507	2446	2452	559716.6105160374
2929	438	442	2447	2449	6857269.07663035
2934	887	915	2449	2473	389668.29565060686
2936	2119	2133	2450	2468	1877234.636380152
2938	1615	1618	2454	2457	276298.9250552225
2942	1269	1285	2456	2472	64348863.373565465
2945	1814	1817	2461	2464	171970.45918007492
2946	1574	1604	2462	2482	586692.0193839697
2948	1919	1923	2464	2467	155604.355993188
2949	830	835	2466	2469	24889075.361458614
2950	1490	1497	2467	2475	546357.3370127612
2951	360	373	2468	2476	385868.7497617287
2952	1976	1980	2468	2475	451297.1704272034
2953	1848	1855	2470	2476	182250.31958368578
2955	607	626	2472	2487	1380538.7534498624
2956	460	466	2474	2479	1189477.1179900353
2958	802	808	2476	2481	338265.3757192027
2959	1656	1659	2477	2480	145634.6308595863
2960	473	483	2479	2490	665792.3009004245
2964	1131	1134	2481	2484	760657.8749300274
2966	143	149	2482	2488	224590.99027098407
2970	1742	1747	2487	2491	191297.29989781126
2971	1860	1866	2488	2495	138914.05105562918
2972	1960	1968	2488	2495	319652.98135829647
2973	2080	2092	2488	2499	748789.924358493
2974	1465	1469	2489	2492	662672.4953573808
2977	1409	1411	2490	2492	1753946.7055257857
2978	430	449	2491	2509	8251289.663556316
2979	722	725	2491	2495	908855.1734560488
2980	1039	1045	2491	2495	218463.91561087198
2981	1784	1791	2491	2497	257025.47351692052
2982	1933	1937	2491	2496	247909.8023616162
2985	1573	1578	2494	2498	231060.90254510677
2986	1347	1355	2495	2502	11985280.029985508
2989	240	246	2499	2504	963115.9009219653
2990	2135	2169	2500	2522	3335996.976011363
2992	482	490	2502	2509	608059.2397330595
2994	1886	1894	2504	2510	165615.33229667137
2995	2269	2278	2504	2514	0.0
2997	553	560	2506	2515	218081.5204164855
2999	1729	1733	2506	2511	254652.18191615486
3000	478	481	2507	2510	601467.0525534041
3001	2066	2076	2507	2517	514193.72237218544
3002	27	36	2508	2517	205881.74270557036
3005	374	402	2512	2545	763111.0996849805
3006	356	361	2513	2518	241569.27286762884
3010	1196	1224	2516	2541	3701476.4928210266
3011	2100	2106	2516	2525	517330.5281918691
3013	1156	1166	2517	2526	1291756.8358451398
3014	859	869	2518	2527	4267935.276467227
3018	1124	1140	2523	2540	1088329.3899535777
3020	467	482	2527	2541	786886.8970261023
3021	615	622	2527	2533	628759.4334392461
3027	1265	1271	2532	2536	12186172.811649995
3029	1797	1821	2532	2553	315526.48505065485
3033	402	406	2538	2541	330483.2950567152
3035	1423	1427	2539	2542	1357521.8806482085
3036	164	172	2541	2547	164636.0181042409
3039	1932	1944	2543	2556	333334.8597577608
3040	726	733	2545	2553	1020323.7248018426
3041	983	1017	2545	2585	605166.8046319102
3043	711	713	2548	2550	458456.58678552683
3049	1779	1786	2554	2560	234480.13000441116
3053	1170	1189	2556	2575	2869422.8741004276
3055	299	309	2557	2566	144051.80556453258
3062	477	489	2561	2570	681500.778061012
3063	1527	1530	2561	2563	521285.18904026184
3064	1728	1743	2561	2574	339993.3331027229
3072	563	582	2567	2587	281733.10446210403
3079	755	761	2575	2582	1572089.6828678614
3080	1405	1416	2575	2585	2302488.0347653874
3083	1609	1617	2576	2580	329954.0642497195
3092	221	228	2582	2589	788562.1417891642
3093	390	396	2585	2591	455352.2321848077
3095	193	198	2586	2592	168930.74756156182
3098	1588	1598	2589	2598	369752.6397604996
3099	2028	2038	2590	2600	469052.97675738524
3103	1048	1051	2593	2596	201913.5620319117
3104	1729	1731	2593	2597	209545.17744624338
3108	1860	1877	2603	2616	178851.30887106375
3113	97	100	2606	2610	195928.16476011637
3114	1792	1836	2606	2655	482226.08520850446
3115	1098	1102	2608	2611	480563.78834735235
3118	356	362	2611	2616	255582.55629820065
3121	1599	1607	2612	2619	407085.76802328846
3123	546	554	2617	2624	205121.68386686663
3124	934	948	2617	2629	210835.25281730265
3125	464	502	2618	2664	1429403.4775980343
3126	592	603	2619	2630	213577.4932564977
3127	1184	1188	2619	2623	2605052.366436898
3133	19	21	2621	2623	160624.26500939715
3136	101	117	2623	2648	266544.12417336064
3138	50	52	2624	2626	1320562.399680073
3141	415	425	2627	2633	6532836.40718887
3142	1704	1708	2627	2631	184919.43384943332
3149	351	359	2632	2638	224935.09017273958
3155	1119	1125	2638	2643	637731.4253481907
3156	64	71	2640	2645	1351480.00979688
3159	1964	1978	2640	2653	429416.7375515005
3161	1690	1698	2641	2647	314297.59120261815
3163	1671	1673	2642	2644	204566.7079335365
3168	431	433	2646	2649	7027386.625604356
3169	1765	1769	2646	2649	150067.117369771
3172	183	202	2651	2670	242303.38813589222
3173	1074	1080	2652	2657	381775.71190651547
3176	152	156	2655	2659	168644.09572301502
3179	979	1004	2656	2676	296099.80430603574
3180	1088	1093	2656	2660	448006.1835070526
3182	521	525	2658	2663	390991.1441274877
3189	319	324	2661	2664	162901.2615713902
3191	2064	2083	2661	2675	681254.0765386178
3194	1772	1776	2663	2668	204346.2379603399
3195	606	612	2664	2671	249587.02385372133
3196	706	708	2664	2667	240964.24073359644
3197	395	402	2666	2672	447826.58858122316
3198	2260	2273	2667	2678	0.0
3201	1370	1382	2668	2681	5008350.022455089
3203	43	47	2671	2674	691160.3813609122
3206	671	690	2677	2696	671164.4941476276
3207	1755	1760	2679	2683	161125.26315789486
3211	387	395	2684	2691	470627.6280332997
3212	1219	1222	2684	2687	2089013.8162773445
3215	1620	1631	2686	2702	259516.73463554116
3218	1522	1543	2688	2699	617252.0118668347
3220	1218	1222	2689	2693	2144474.5718493266
3221	2241	2255	2689	2701	46560.276822579595
3232	2109	2111	2701	2703	414946.64498678275
3237	593	599	2707	2712	163464.23415046552
3239	481	485	2709	2713	426328.06398737244
3240	1514	1551	2709	2757	660773.2416267237
3244	1862	1874	2711	2721	134283.9779901537
3247	871	886	2714	2725	142717.94727206102
3251	1584	1590	2715	2721	263978.42540710594
3252	1933	1962	2715	2745	387900.7045815473
3259	434	446	2720	2732	7983941.381491747
3264	976	979	2727	2729	123157.48007554916
3266	1823	1830	2728	2738	120098.40219892599
3269	520	530	2730	2740	448390.80689528707
3272	117	119	2731	2733	123894.59578720346
3274	52	54	2732	2734	1365208.2494526214
3278	643	663	2734	2752	39585353.25024055
3282	414	416	2737	2739	2769612.0760382796
3283	264	271	2738	2745	419081.81618773344
3290	2088	2099	2746	2756	613988.6262525672
3292	2217	2219	2746	2749	164883.79146238646
3295	822	828	2748	2753	127912.16345234611
3296	1570	1588	2748	2763	296673.2099212796
3298	1081	1083	2750	2752	325629.07606703247
3303	1518	1521	2756	2759	202106.34884175583
3306	1539	1541	2757	2759	232340.59551368057
3309	1491	1494	2759	2761	449969.21311995434
3313	130	140	2761	2772	218593.09974918084
3314	1758	1768	2761	2771	187824.96149468853
3316	1632	1643	2765	2773	174208.7001668769
3317	246	261	2766	2783	900728.5502870438
3318	837	852	2770	2785	148881.49359438394
3319	584	599	2771	2784	208454.82072895137
3324	1511	1523	2773	2784	241510.90798527768
3329	1764	1771	2779	2786	177390.32829332224
3333	636	656	2784	2809	39827681.79349845
3335	551	571	2786	2809	249914.36632537
3338	709	716	2787	2794	652878.0261347571
3340	272	288	2790	2807	492925.7017100415
3347	809	816	2797	2802	173904.54770829206
3348	2184	2187	2797	2800	310839.42107951094
3350	248	263	2800	2812	810245.9760261999
3352	939	947	2800	2808	163772.7209835649
3353	2032	2038	2800	2806	316238.89752194117
3356	180	192	2803	2817	151471.21453640977
3357	1655	1667	2804	2815	180723.30959792944
3361	1717	1723	2806	2812	295495.6889088112
3364	813	825	2810	2818	147983.78425803815
3366	447	456	2814	2827	2424277.261369828
3368	787	792	2818	2822	317198.0796765208
3370	398	401	2820	2822	354255.6308132913
3372	534	540	2821	2826	170064.1759999994
3373	2114	2116	2822	2825	650294.1317057289
3376	1763	1767	2826	2829	130822.70020615845
3378	2279	2294	2827	2842	0.0
3380	802	807	2829	2834	229660.96914748827
3381	1996	1999	2829	2832	14428315.542889573
3382	230	255	2830	2854	1095605.0486800522
3386	2146	2158	2834	2846	2036622.0074390322
3388	1626	1629	2836	2840	129865.98255006247
3389	480	490	2837	2843	500098.19671754504
3391	1844	1861	2842	2858	155884.67446079414
3393	331	352	2844	2865	299220.7975556863
3395	439	445	2845	2850	6370224.779370286
3400	1746	1754	2848	2854	153704.5561993044
3404	157	160	2853	2858	136184.78928356437
3405	687	697	2854	2861	238414.9901395418
3408	837	840	2859	2862	88214.6776122466
3411	2130	2141	2861	2869	2995557.3812427893
3414	1631	1633	2865	2867	130617.60429761735
3420	135	162	2870	2897	274558.1817094425
3422	264	267	2874	2876	315736.3804678875
3425	1748	1761	2875	2884	162823.87408679217
3428	703	709	2878	2883	259731.02322206082
3429	218	229	2880	2892	826173.9872952185
3430	459	465	2880	2887	1278438.151168272
3432	466	468	2884	2886	614971.7265828787
3433	852	857	2884	2887	88502.845121211
3441	395	405	2890	2899	508087.6581811982
3444	1889	1901	2891	2908	158610.2150170647
3447	1718	1734	2894	2911	318984.0847239616
3448	569	585	2895	2914	179148.92249292607
3450	1673	1685	2895	2911	331937.58077013795
3452	661	671	2896	2904	5492391.177208626
3455	2100	2107	2897	2903	489358.300363385
3460	418	431	2905	2912	7114758.335537413
3461	613	628	2905	2916	2307895.940773003
3465	17	23	2907	2913	146655.66263345274
3466	34	41	2908	2914	176838.1935643563
3468	683	690	2910	2917	236669.27452981408
3474	1829	1835	2912	2918	126100.25971830994
3484	2108	2122	2923	2931	1449126.4153607716
3487	2195	2227	2924	2958	424381.7805854222
3491	858	864	2928	2934	92044.21287550511
3493	20	26	2932	2936	144207.66742127202
3494	929	936	2933	2941	163370.61381109757
3502	1849	1856	2943	2948	112061.55622878451
3503	1917	1921	2943	2946	121179.79397498084
3506	1991	2005	2947	2959	14885042.483496694
3507	261	278	2949	2967	492895.79168406426
3509	448	454	2951	2956	2153596.161913135
3510	47	63	2952	2967	1450815.2021829523
3512	571	579	2956	2962	121662.64822419127
3513	757	778	2956	2975	1568580.1765011426
3519	809	816	2964	2969	156410.2960856963
3523	85	88	2968	2971	111100.39220691466
3525	738	743	2974	2979	304940.13130770874
3526	1734	1736	2974	2976	163800.31964523927
3532	339	346	2984	2991	168164.72633441468
3535	612	622	2993	3002	617202.3616647131
3536	107	122	2994	3009	216391.96199688484
3539	2098	2108	2994	3005	565699.8083001038
3540	2141	2154	2997	3011	2663416.8852974107
3541	762	773	2998	3006	1451351.6511427336
3543	1789	1794	2999	3003	211904.1910753474
3544	731	736	3001	3007	597377.579435176
3546	383	396	3003	3015	543362.449829747
3547	1964	2001	3005	3026	14814288.466638165
3548	788	796	3007	3014	329023.35722891544
3549	866	870	3007	3011	87112.21244609253
3550	174	178	3008	3013	100998.18385614993
3551	1896	1934	3009	3041	280731.15228147304
3552	215	228	3010	3023	800651.6530791146
3555	196	198	3017	3019	82213.52899969867
3556	193	195	3018	3020	76496.6590560771
3557	833	841	3018	3026	96784.96212614395
3565	1680	1693	3027	3036	286941.77842898754
3568	90	113	3029	3050	190765.3473452944
3571	529	534	3033	3038	206187.46649076542
3572	2140	2154	3034	3050	2757820.8016905794
3573	2244	2254	3035	3042	25142.81879601557
3576	2294	2296	3038	3040	0.0
3577	423	442	3039	3057	8126980.681925576
3578	467	477	3040	3049	590773.7720844743
3579	492	496	3040	3045	297613.95997706417
3580	2057	2059	3041	3043	128148.0356799201
3581	592	595	3042	3044	116684.0030773071
3582	2275	2277	3042	3046	0.0
3585	124	136	3045	3054	170724.50552978896
3586	368	384	3045	3055	598395.2060215373
3594	870	876	3052	3061	92957.85974460958
3597	328	336	3058	3064	179708.89449066395
3603	1740	1743	3070	3074	127189.56025616176
3609	768	789	3076	3103	1542194.2204429302
3612	1772	1788	3078	3095	238571.48219482318
3614	387	403	3079	3099	518123.8038601382
3616	871	879	3080	3086	100019.24991467592
3617	194	198	3081	3084	87986.11884563527
3621	911	921	3084	3095	136075.92746795734
3626	798	804	3092	3098	244839.4052465312
3636	1918	1924	3102	3109	77658.46130597673
3641	892	896	3107	3111	84558.50204266913
3646	739	749	3111	3122	191785.2403057568
3647	188	192	3113	3118	87041.464685346
3648	354	357	3114	3117	140768.42760153604
3652	419	438	3117	3141	7748860.539184953
3656	1740	1765	3122	3140	194023.877689514
3659	804	812	3123	3129	203846.77057305566
3660	851	859	3123	3130	89876.91493383741
3664	178	180	3125	3127	90282.76326932093
3666	778	784	3127	3133	593694.0139195316
3667	1709	1714	3128	3133	200920.17181646085
3674	2279	2298	3139	3151	0.0
3679	751	767	3144	3158	1370101.881089513
3685	1697	1704	3147	3154	153166.05048819148
3689	316	329	3151	3163	171335.76772060292
3692	2218	2238	3154	3179	84772.88941469499
3693	205	216	3156	3165	288785.6692373605
3694	1772	1794	3156	3175	224321.65215988367
3698	2285	2295	3162	3171	0.0
3706	1738	1742	3170	3174	106165.53821124628
3707	1873	1891	3171	3190	134981.77863113623
3716	164	168	3184	3187	100829.02710368685
3720	1697	1702	3188	3196	135629.398478364
3725	126	133	3199	3205	139402.71830859646
3726	2232	2238	3199	3206	56498.25125694045
3727	1768	1770	3203	3205	68811.97643870849
3730	807	817	3208	3219	172609.15630385774
3733	189	193	3211	3216	82789.46079239663
3734	257	262	3211	3215	243284.6610301768
3752	746	806	3224	3285	1630450.5833333333
3753	826	830	3226	3229	79365.27860510736
3757	113	120	3231	3238	113249.82461370243
3760	2229	2234	3238	3243	54932.02329136693
3765	55	59	3246	3250	1352118.6917220438
3766	1879	1889	3246	3257	94620.99773703387
3769	926	951	3248	3273	174525.1193144367
3772	2132	2136	3253	3257	510354.36469958036
3775	371	375	3258	3263	343217.5889215467
3776	1727	1731	3258	3261	152086.0928642132
3780	1706	1713	3264	3272	181126.88140186033
3782	105	118	3268	3279	120308.9743576565
3789	834	842	3279	3284	85561.29912807047
3793	522	528	3283	3288	89287.58133645068
3795	2127	2139	3286	3296	1162162.5835805228
3802	808	821	3294	3307	120989.21924065085
3805	1702	1714	3299	3309	203516.59402957367
3809	356	366	3303	3312	245911.11463836537
3811	519	542	3305	3321	137966.588020314
3812	764	772	3305	3309	74531.37573904227
3813	2026	2043	3305	3324	532141.0373933137
3816	401	409	3311	3319	431765.6792443784
3818	189	191	3314	3316	71118.6884234457
3819	1965	1970	3314	3318	197139.23948001943
3822	420	428	3319	3329	6665437.364508842
3828	334	350	3328	3338	208699.69747899202
3830	2059	2084	3330	3351	237244.44057713015
3831	95	107	3331	3346	108575.72761678195
3835	871	885	3336	3348	87595.85554918411
3836	1709	1715	3336	3343	200550.96576958254
3841	2257	2267	3341	3350	0.0
3843	524	534	3342	3351	85797.48058793678
3847	1710	1720	3351	3360	228815.16863144588
3848	1657	1663	3353	3358	60716.600550963914
3853	218	223	3359	3364	475120.064704139
3865	2262	2271	3371	3378	0.0
3868	1689	1691	3373	3375	63136.23395104306
3869	2018	2030	3373	3385	3533850.8521498614
3872	780	789	3375	3381	91024.08494606972
3886	374	403	3394	3423	634677.2868045797
3888	762	768	3398	3402	59707.69353410084
3889	2206	2208	3398	3401	33870.1099706745
3891	777	785	3399	3406	81422.10482795443
3892	586	600	3400	3413	72654.11512261612
3895	804	814	3403	3413	109611.55374660791
3900	57	61	3410	3413	1347950.5495375125
3901	934	940	3410	3417	60821.24750712282
3904	1564	1570	3412	3419	69640.41839596166
3910	506	516	3422	3430	75317.179526356
3917	1468	1479	3428	3441	117000.71897710506
3920	813	824	3429	3440	80454.89462684948
3923	1091	1099	3430	3436	70481.50098926743
3925	311	321	3435	3444	139576.1735671374
3927	217	258	3437	3482	1164627.0612537062
3928	990	993	3437	3440	70725.04780201134
3931	943	946	3438	3442	50906.880966342374
3932	2151	2157	3438	3445	1472716.2829949236
3935	201	205	3440	3445	136735.44888101768
3937	568	575	3440	3447	54182.31358084461
3939	1006	1012	3440	3446	89414.8531507153
3940	1151	1154	3442	3445	63372.43664383555
3941	1611	1614	3442	3445	50610.1298563069
3944	1434	1458	3444	3464	169173.85644250267
3946	1838	1842	3448	3453	113353.36708651864
3948	2076	2078	3449	3452	31907.03332964852
3957	1669	1678	3456	3465	61522.16339717095
3959	9	14	3457	3460	0.0
3961	1469	1479	3457	3462	100249.62497896951
3970	447	450	3464	3468	2317858.9687241893
3971	1173	1177	3464	3468	2082338.5527553032
3972	1576	1584	3464	3473	64811.155151805106
3979	617	631	3468	3477	73641.97548524992
3981	1066	1074	3470	3478	88607.4954081346
3983	1390	1400	3474	3485	82342.35879133914
3986	383	391	3476	3484	234137.1538205611
3987	567	572	3478	3481	48342.27779876613
3989	2012	2037	3478	3502	13678757.580598747
3990	2135	2141	3478	3484	1329005.2785218114
3993	1102	1108	3481	3488	61993.99872481484
3995	1146	1156	3485	3494	77350.79040111309
3996	1195	1199	3485	3489	1098973.2143177993
3998	1552	1565	3488	3497	76189.42841211779
4001	1879	1883	3489	3492	53405.08436661164
4004	1702	1709	3490	3495	122773.50088809972
4006	444	450	3492	3496	3016588.608145669
4009	416	420	3494	3498	5086058.509794988
4010	1526	1534	3494	3502	76379.56229423007
4013	678	691	3498	3510	68208.02049541037
4015	2077	2088	3500	3508	47440.254194726636
4020	948	959	3510	3516	85299.34615841342
4021	507	510	3511	3514	41865.55669756781
4022	865	877	3511	3521	72951.45348837238
4024	1650	1656	3516	3522	53784.83198779494
4025	2053	2059	3516	3521	7970.388465004511
4026	1701	1704	3518	3521	104297.87253855285
4027	2181	2202	3518	3541	269021.76404302544
4030	1177	1191	3522	3529	2224080.919632606
4031	1509	1513	3522	3526	54279.94395890298
4035	33	39	3526	3536	106651.5596102523
4036	1868	1874	3527	3534	54398.37458563557
4037	1798	1805	3528	3534	68215.01673140109
4039	1838	1854	3531	3546	136194.6680244396
4041	2099	2105	3532	3538	40303.80400195812
4045	617	623	3537	3548	53939.53159922909
4048	679	691	3538	3547	57940.92715537087
4053	2251	2265	3541	3558	1246.5623489608515
4054	1961	1964	3544	3547	110980.79981521415
4060	992	1004	3548	3564	67684.19794825473
4061	1238	1244	3549	3556	1557142.8209983818
4063	1929	1952	3551	3575	129248.39678885177
4067	1566	1573	3555	3562	51710.9714603653
4068	731	739	3556	3562	57756.5769939462
4069	1600	1611	3556	3565	53684.437256744284
4070	445	454	3557	3566	2757785.0089628682
4072	1495	1500	3559	3564	60258.333289256196
4073	1352	1370	3560	3571	185205.97766097263
4074	260	303	3562	3599	492309.10658599035
4076	1059	1069	3566	3576	81498.22886389514
4077	764	771	3567	3573	49596.3121482953
4081	571	576	3571	3578	43434.21461283704
4082	385	393	3572	3579	182153.95648101898
4085	1261	1263	3573	3576	53207.1326920358
4086	2207	2212	3575	3577	8097.355078125005
4087	835	852	3576	3596	92138.42926859806
4088	2254	2269	3576	3590	0.0
4089	1059	1066	3577	3582	75266.40762651892
4090	1484	1495	3578	3586	99216.272120943
4091	2130	2139	3578	3588	1141176.895796957
4092	1034	1037	3579	3582	44588.57200811338
4093	1331	1339	3583	3590	4688159.804475559
4096	79	84	3589	3593	88103.74695669509
4099	1194	1207	3593	3605	1468084.1732019952
4101	1127	1131	3596	3599	41185.115141955976
4112	1515	1523	3604	3614	63694.194919715505
4113	619	624	3605	3610	49680.99509322891
4114	1048	1053	3607	3612	48544.18540488364
4115	995	1000	3608	3615	45825.37760129389
4116	669	676	3610	3616	45103.5503533568
4120	2219	2243	3614	3642	56496.757865392254
4122	330	336	3618	3624	143569.45414614657
4124	349	352	3619	3622	100838.81752119497
4128	917	927	3620	3630	53438.288048090806
4129	31	36	3621	3627	84578.58025782715
4130	2255	2266	3621	3631	0.0
4131	636	642	3623	3629	50915.38093839512
4134	2131	2134	3627	3631	201260.34188322636
4137	1892	1894	3631	3633	39989.22762895434
4138	411	420	3632	3638	5078130.633624161
4140	1623	1627	3633	3637	44731.70670056832
4144	1115	1121	3639	3645	42415.339742595395
4146	645	649	3641	3645	38537.45178018554
4150	240	244	3650	3654	54288.38827083203
4152	783	786	3652	3657	58333.22478840934
4156	129	137	3657	3663	96990.05405996901
4163	1721	1728	3664	3671	180555.45735944418
4166	1017	1025	3665	3671	85698.06226388674
4168	1124	1127	3666	3669	34683.870096255225
4171	350	359	3671	3677	146192.74567707977
4173	1004	1009	3671	3675	57406.431401320784
4176	544	547	3676	3679	38536.748884961344
4178	45	57	3679	3690	1329215.9478279236
4180	598	601	3682	3684	40528.25456339418
4182	851	856	3687	3692	46394.97554938868
4184	980	985	3688	3693	91396.37392846569
4186	801	813	3690	3711	98515.1277648427
4193	692	695	3693	3697	33806.649725959025
4195	1644	1650	3694	3698	49902.86820197636
4196	1527	1533	3695	3702	62334.939800074164
4199	2125	2171	3697	3741	1604065.2686177525
4200	521	536	3699	3713	62578.16853932623
4201	554	565	3699	3708	47039.32965009172
4204	1367	1376	3705	3713	92509.82777317539
4206	461	485	3706	3731	962955.4018998905
4210	641	651	3711	3720	46004.20515574617
4212	196	220	3714	3735	279047.7980363638
4213	791	794	3714	3717	69415.32813344669
4214	2074	2081	3714	3720	23563.94961447441
4216	1370	1372	3716	3718	78280.84608273648
4218	34	37	3719	3722	74193.97945999666
4219	1829	1851	3719	3734	113321.42309723143
4220	387	392	3722	3727	139652.83706218185
4222	1013	1030	3724	3737	82832.16880567734
4225	299	306	3726	3733	54092.495269669176
4226	1246	1250	3726	3730	1154731.450899032
4227	1459	1465	3727	3736	64536.012904279574
4228	587	598	3730	3742	44981.2136154239
4229	958	980	3730	3755	137550.49024902476
4230	1924	1928	3730	3734	47755.83937484653
4235	1671	1681	3733	3743	41178.145236678625
4240	525	531	3735	3739	37944.478417885024
4243	166	174	3737	3744	75852.92234432205
4246	456	465	3740	3748	1321211.711912226
4247	693	695	3741	3743	33404.70222140598
4248	1760	1771	3741	3753	63441.948661262344
4249	313	340	3742	3770	183216.9286657863
4251	1264	1272	3743	3754	62477.73040954549
4252	1617	1625	3744	3753	44942.18404907946
4253	273	280	3745	3751	44689.64344189389
4256	792	810	3749	3768	75332.3408216167
4263	1435	1450	3755	3772	101811.4031479873
4266	2027	2033	3758	3765	49465.006054490455
4268	1332	1340	3760	3771	4641845.876637466
4270	367	398	3761	3792	309830.4949399858
4273	1466	1483	3761	3775	94007.13712046998
4275	248	259	3766	3774	57398.513227041854
4282	1210	1219	3769	3779	128739.0567263639
4283	467	474	3771	3777	298873.2922987649
4285	2223	2228	3772	3778	7128.538014351907
4286	1271	1281	3774	3783	88284.58277153574
4288	2190	2198	3774	3788	52126.78192991201
4289	2272	2279	3774	3780	0.0
4290	1052	1059	3775	3781	50520.14346504535
4293	411	419	3777	3786	4703187.436513899
4296	2142	2145	3780	3783	141264.57974662303
4302	1420	1428	3782	3790	46362.53505535084
4306	2029	2045	3784	3794	39172.02276058278
4307	1134	1137	3785	3787	35935.18563954541
4312	1566	1586	3790	3801	54933.36697741125
4314	451	455	3793	3798	1481247.0441531562
4316	359	384	3794	3817	212197.16637521866
4318	2167	2173	3794	3800	84993.93423213201
4319	2002	2009	3795	3802	156632.60982025406
4321	1778	1782	3797	3800	70227.54183512033
4325	401	431	3809	3837	6772762.775075477
4327	2268	2276	3809	3818	0.0
4332	440	443	3812	3815	5306231.361610352
4333	1267	1269	3813	3816	34363.06949263825
4334	2013	2025	3813	3823	105374.4155844155
4338	711	718	3816	3825	37051.66204364693
4339	170	180	3818	3828	68300.22060315395
4340	835	838	3818	3821	37188.69506685108
4342	1494	1501	3818	3824	50353.79740849318
4343	626	636	3820	3829	43269.8997240986
4346	1776	1801	3823	3846	97082.91946131494
4347	1935	1939	3823	3827	43492.9257789822
4348	2113	2123	3823	3832	26177.47720364742
4349	325	328	3824	3826	38192.388762338465
4350	893	896	3826	3829	31516.113636363607
4354	664	667	3832	3835	29315.338777717858
4357	2141	2161	3835	3855	157260.1480652097
4362	1900	1902	3838	3840	33562.16552667585
4363	1489	1492	3839	3842	59371.21242637279
4368	259	268	3846	3855	50457.07526990236
4371	153	160	3848	3856	79024.5136151186
4373	1061	1068	3850	3857	47383.77304330544
4374	319	331	3851	3864	51575.255537816905
4376	558	562	3853	3858	29535.14506071558
4377	825	832	3854	3860	34611.53457339242
4379	1967	1970	3856	3859	136274.17828858402
4380	763	768	3857	3861	35421.84283955682
4384	1735	1740	3859	3861	135811.68058778043
4386	797	800	3861	3865	43830.80001951967
4387	1005	1031	3861	3880	63693.45300592738
4388	922	928	3863	3868	34792.48300944516
4393	1892	1895	3866	3869	33311.735891647724
4394	1509	1512	3867	3870	31831.38574938565
4398	2140	2143	3869	3872	29381.484357598485
4399	2141	2157	3870	3884	31804.591310317814
4400	437	444	3871	3876	7086311.631171154
4402	1739	1754	3872	3887	87384.90962671919
4407	1093	1103	3876	3884	39029.54913422302
4408	718	723	3878	3882	34415.90113560445
4413	1581	1583	3881	3884	31327.461176470584
4415	1595	1597	3882	3884	29322.85744704694
4420	700	704	3885	3889	26690.663179440642
4424	108	112	3892	3896	40587.99233532908
4425	1514	1521	3892	3898	46183.09532242951
4426	952	962	3893	3902	55293.38665960837
4428	1979	1990	3894	3904	214340.14879246827
4429	765	768	3896	3898	29665.396559329503
4431	473	475	3899	3901	168037.7617302053
4435	1164	1168	3905	3910	288378.3674647284
4436	2181	2198	3905	3921	114420.17445322932
4437	6	16	3908	3917	0.0
4440	1046	1061	3909	3921	50577.11008676776
4441	1635	1642	3911	3919	39982.2060346771
4445	2037	2047	3914	3924	10773.415667290152
4447	2112	2120	3915	3923	22598.89343379977
4449	2059	2064	3917	3923	1441.6123576876344
4451	345	352	3920	3926	92275.29459135915
4452	494	503	3920	3928	34129.66977969366
4454	219	223	3921	3926	205844.11713665948
4455	866	872	3921	3927	34430.048387096635
4459	631	638	3923	3932	30647.436672031836
4462	837	843	3924	3930	39906.24221921523
4463	1385	1400	3926	3940	64472.5977272727
4464	2145	2154	3928	3935	13974.581763122467
4465	1133	1145	3930	3946	53271.67715047774
4469	909	918	3932	3940	30772.60040465335
4474	2002	2016	3935	3955	154357.31761675418
4477	1000	1005	3936	3940	26946.96671360906
4478	2221	2230	3938	3950	19269.859293572677
4481	294	311	3941	3954	54716.57330695812
4482	1708	1720	3941	3955	131067.0720286771
4484	33	38	3945	3950	51374.42857142873
4485	925	929	3945	3949	27944.22212029886
4486	244	261	3946	3959	45449.179621325486
4489	946	957	3951	3963	36701.51291369238
4491	652	656	3952	3954	23714.250614250523
4492	143	149	3953	3959	76567.36507936483
4497	562	569	3956	3963	28463.342807579407
4498	736	744	3956	3963	38368.458179972076
4499	1897	1903	3956	3963	34025.696882434
4501	677	684	3957	3963	27243.554653679817
4504	213	220	3960	3967	202635.297259146
4509	148	154	3965	3971	69328.37359550555
4514	524	529	3968	3972	27125.027959125684
4516	1980	1989	3970	3977	201660.59707317065
4519	1836	1839	3973	3977	58010.05108654225
4520	843	846	3974	3976	37139.95850780356
4521	930	937	3975	3981	28228.690846779777
4524	573	588	3979	3986	33508.32750550654
4525	997	1002	3980	3984	26171.057142857222
4527	1665	1670	3980	3984	26614.128445581224
4533	1258	1267	3984	3991	55499.920899363635
4535	1017	1022	3985	3991	22118.936402599295
4540	854	860	3990	3998	34110.169196545336
4541	2028	2037	3990	3998	28297.226942868438
4544	1078	1080	3991	3994	23900.647349505714
4548	706	715	3995	4002	28543.9885654887
4549	1953	1960	3995	4002	43367.78342282794
4558	1486	1498	4005	4016	70464.06744868045
4560	1993	2000	4005	4013	100526.64576715935
4566	1731	1742	4011	4027	124417.65616274445
4567	1914	1918	4011	4014	34396.47675943465
4569	1861	1865	4013	4018	23664.269821945032
4570	287	293	4015	4020	33379.77180423663
4571	1347	1352	4015	4020	52154.823470980446
4574	1752	1756	4017	4021	27808.157475394466
4575	1819	1847	4017	4044	84565.80174889052
4578	693	700	4021	4028	24037.295498084088
4579	798	800	4022	4026	39041.16199376952
4580	2166	2185	4022	4039	78393.04101326902
4581	993	998	4026	4029	25742.047095761245
4582	848	853	4030	4035	32932.14843977832
4584	2011	2016	4033	4037	71070.88120824844
4587	1198	1200	4035	4038	292290.97818667453
4588	1914	1931	4035	4047	42990.61274582267
4590	440	442	4037	4040	997666.4751184834
4593	1592	1601	4040	4046	27933.67647058827
4595	1371	1379	4041	4048	67954.53540020878
4596	831	842	4043	4053	34451.810007468244
4598	1169	1175	4043	4049	1952917.849459179
4599	1330	1334	4043	4048	32891.00490273596
4601	1762	1777	4048	4057	35225.48162939278
4604	346	357	4051	4063	62282.32515337436
4606	1065	1073	4052	4057	29485.79505127784
4613	2079	2095	4056	4070	18888.911540188572
4616	1634	1645	4061	4070	36506.095284394614
4617	2136	2139	4062	4065	7086.73883103795
4618	587	593	4063	4070	20934.211486364624
4620	294	298	4064	4067	29910.556370913895
4625	888	895	4068	4076	28057.941186766908
4626	205	231	4069	4093	203188.50357142865
4631	1329	1334	4073	4077	30946.229357798053
4633	851	860	4075	4083	27891.127188635604
4634	435	471	4076	4108	1437005.5424778764
4636	1559	1567	4079	4087	25223.95358090193
4637	1703	1709	4079	4084	20849.590236686265
4642	2146	2158	4087	4102	12066.453583617731
4648	1481	1484	4091	4094	64156.78387830054
4655	1899	1906	4097	4104	21864.981953077982
4657	1507	1513	4098	4105	24475.69678593077
4660	727	730	4101	4104	25223.174880153445
4662	1881	1888	4102	4107	22391.956692101587
4670	1017	1026	4107	4116	19455.3447470818
4678	766	781	4115	4128	36181.55300320088
4683	251	260	4117	4125	23758.617249517225
4686	630	633	4120	4123	17831.614058065898
4687	1630	1637	4120	4134	23541.947280334818
4688	2005	2022	4120	4137	99042.59725873073
4693	126	133	4125	4131	56984.74784747833
4694	1089	1094	4125	4130	18887.167848159035
4696	1355	1367	4130	4144	73872.42857142862
4703	604	611	4137	4141	21420.074391046634
4707	1062	1070	4139	4146	25633.662388514244
4710	784	797	4141	4154	23824.02447980409
4711	1570	1572	4142	4144	16696.88448525851
4717	984	990	4151	4158	16633.097163995146
4718	1788	1791	4151	4155	19441.08429025178
4719	1936	1938	4152	4155	19790.766081871385
4721	873	882	4153	4158	23568.458058435433
4726	725	738	4157	4172	26171.190584489374
4728	1847	1857	4159	4169	20643.434016198116
4730	1466	1488	4161	4180	69431.62939698479
4731	1646	1661	4161	4173	26037.019913023636
4732	93	97	4162	4165	24156.109505703294
4734	255	260	4163	4168	16693.199144613634
4740	755	759	4166	4172	14097.37753721234
4742	428	468	4167	4202	905256.3294958316
4744	1446	1455	4168	4176	31949.011981566753
4746	1663	1665	4169	4171	15254.859188544237
4753	1514	1520	4177	4183	31484.052421367993
4754	334	359	4178	4200	57387.54541416833
4755	1796	1804	4178	4187	19224.302702702727
4756	1030	1032	4179	4181	12900.575658868793
4760	37	44	4181	4188	20804.820987654326
4762	1085	1090	4182	4187	15147.689149560025
4763	1512	1516	4182	4185	19263.7329274749
4766	1981	1992	4184	4193	140865.0919199408
4769	1581	1587	4187	4191	17590.85607369037
4770	2116	2125	4188	4195	21160.305128872715
4772	1477	1493	4192	4205	33699.52992957739
4782	1139	1158	4200	4223	48361.29574468088
4784	876	882	4201	4210	17647.823227752713
4786	2009	2016	4201	4207	29527.380623792393
4787	129	139	4205	4215	56541.23061630211
4794	735	742	4210	4217	14153.910344827571
4799	1827	1844	4215	4228	27642.935198401465
4800	238	241	4216	4220	12139.421312632323
4804	2007	2017	4218	4228	29288.944763054566
4807	2112	2131	4219	4232	24207.59118915589
4817	285	300	4230	4242	19967.34602425879
4819	1071	1076	4231	4238	14745.363896848115
4826	1407	1422	4239	4255	29472.043522960834
4831	301	305	4242	4246	11801.420882233919
4833	22	27	4243	4250	13393.225941422628
4834	481	494	4243	4253	121057.16424116422
4835	2012	2025	4245	4258	17760.260869565234
4838	1637	1646	4247	4255	11512.249807247552
4839	1488	1497	4248	4253	17434.292442081336
4849	1517	1543	4254	4272	49281.842331898006
4852	162	183	4256	4275	33061.55523255808
4853	138	141	4257	4260	16428.19785847295
4859	1760	1763	4259	4261	12374.993025283356
4866	371	377	4264	4269	10163.663137632318
4867	610	621	4264	4277	14164.531250000055
4869	1280	1287	4264	4269	65556.31882686846
4870	1714	1738	4264	4289	123547.93776978424
4877	87	97	4272	4290	15926.018370230868
4882	1281	1290	4275	4283	2920006.130555555
4884	459	484	4277	4300	165227.7271653543
4887	850	857	4280	4287	17888.38053527984
4891	1107	1112	4284	4289	7205.526894158468
4895	1394	1405	4288	4299	19160.85699535364
4898	1817	1825	4289	4294	10718.79491525421
4905	1567	1576	4297	4305	8166.2308649657625
4907	1719	1729	4298	4308	9335.494512195091
4911	1475	1496	4300	4313	13994.451050743231
4916	1150	1161	4302	4314	9732.01944106922
4920	273	283	4307	4317	8584.326393552685
4922	1173	1185	4307	4315	7014.362188365647
4923	1436	1451	4307	4321	26143.907780979804
4929	332	341	4310	4319	7116.868715083767
4931	1870	1879	4310	4315	6773.739346590939
4933	416	422	4313	4319	6060.095015576293
4939	796	803	4320	4326	4856.615178571414
4941	353	359	4321	4328	5911.056261342989
4951	959	971	4333	4343	5464.572761194035
4953	1525	1529	4334	4338	3638.327790973889
4964	842	855	4341	4350	13851.519507186866
